0.000000000000000000e+00 3.632431507110595703e+00 2.247027587145566940e-03 7.527049779891967773e-01 6.326990723609924316e-01
1.000000000000000000e+01 1.519172191619873047e+00 1.329438877291977406e-03 1.003360971808433533e-01 8.939722925424575806e-02
2.000000000000000000e+01 9.932947158813476562e-02 5.177351704332977533e-05 4.633948206901550293e-03 4.292200133204460144e-02
3.000000000000000000e+01 4.758716374635696411e-02 1.481475192122161388e-05 3.830388595815747976e-04 3.238937258720397949e-02
4.000000000000000000e+01 4.033293202519416809e-02 6.417911663447739556e-06 1.891994033940136433e-03 3.202302753925323486e-02
5.000000000000000000e+01 3.809221833944320679e-02 5.729379608965246007e-06 9.209843119606375694e-04 3.144185245037078857e-02
6.000000000000000000e+01 3.607017919421195984e-02 7.897775503806769848e-06 9.907593484967947006e-04 2.718164399266242981e-02
7.000000000000000000e+01 3.314911201596260071e-02 9.536297511658631265e-06 1.110419398173689842e-03 2.250239625573158264e-02
8.000000000000000000e+01 3.111613169312477112e-02 1.061457714968128130e-05 1.607938087545335293e-03 1.889361627399921417e-02
9.000000000000000000e+01 2.893624082207679749e-02 1.113696544052800164e-05 1.586543046869337559e-03 1.621273159980773926e-02
1.000000000000000000e+02 2.211403101682662964e-02 7.529790764237986878e-06 1.516675809398293495e-03 1.306756399571895599e-02
1.100000000000000000e+02 1.547664776444435120e-02 6.570332516275811940e-06 1.585009973496198654e-03 7.321305107325315475e-03
1.200000000000000000e+02 1.155365444719791412e-02 3.480924760879133828e-06 2.655768301337957382e-03 5.416961386799812317e-03
1.300000000000000000e+02 9.828106500208377838e-03 3.181078227498801425e-06 2.302326494827866554e-03 4.344701766967773438e-03
1.400000000000000000e+02 8.909182623028755188e-03 2.944017296613310464e-06 1.974059268832206726e-03 3.991106525063514709e-03
1.500000000000000000e+02 8.432139642536640167e-03 2.617403197291423567e-06 1.909481594339013100e-03 3.905254648998379707e-03
1.600000000000000000e+02 7.629757281392812729e-03 2.566935108916368335e-06 1.422958099283277988e-03 3.639864269644021988e-03
1.700000000000000000e+02 7.016466930508613586e-03 2.273013933518086560e-06 1.205885084345936775e-03 3.537567798048257828e-03
1.800000000000000000e+02 6.505685858428478241e-03 2.212937488366151229e-06 1.192832598462700844e-03 3.099915571510791779e-03
1.900000000000000000e+02 6.230869330465793610e-03 1.941075652212020941e-06 1.251785550266504288e-03 3.038007998839020729e-03
2.000000000000000000e+02 6.089291535317897797e-03 1.755124003466335125e-06 1.275283517315983772e-03 3.058884060010313988e-03
2.100000000000000000e+02 5.578350275754928589e-03 1.936329226737143472e-06 9.157309541478753090e-04 2.726290142163634300e-03
2.200000000000000000e+02 5.400498397648334503e-03 1.965405090231797658e-06 8.473611087538301945e-04 2.587732393294572830e-03
2.300000000000000000e+02 5.073012784123420715e-03 1.682585661910707131e-06 8.298847242258489132e-04 2.560542197898030281e-03
2.400000000000000000e+02 4.914220422506332397e-03 1.598333597030432429e-06 8.505096193403005600e-04 2.465376863256096840e-03
2.500000000000000000e+02 4.763209726661443710e-03 1.526045025457278825e-06 8.363770903088152409e-04 2.400787547230720520e-03
2.600000000000000000e+02 4.495445638895034790e-03 1.388135046909155790e-06 7.592299371026456356e-04 2.348080510273575783e-03
2.700000000000000000e+02 4.163173027336597443e-03 1.180983645099331625e-06 6.886504124850034714e-04 2.293538767844438553e-03
2.800000000000000000e+02 3.906227648258209229e-03 1.065821948031953070e-06 6.985180079936981201e-04 2.141887787729501724e-03
2.900000000000000000e+02 3.814026480540633202e-03 1.036862613545963541e-06 6.355766672641038895e-04 2.141587203368544579e-03
3.000000000000000000e+02 3.651781007647514343e-03 9.543425676383776590e-07 5.814822507090866566e-04 2.115956274792551994e-03
3.100000000000000000e+02 3.466692520305514336e-03 8.363543884115642868e-07 5.702370544895529747e-04 2.060101134702563286e-03
3.200000000000000000e+02 3.390966914594173431e-03 8.082371323325787671e-07 5.571902147494256496e-04 2.025539521127939224e-03
3.300000000000000000e+02 3.390309866517782211e-03 8.140729619299236219e-07 5.535557284019887447e-04 2.022681292146444321e-03
3.400000000000000000e+02 3.390309866517782211e-03 8.140729619299236219e-07 5.535557284019887447e-04 2.022681292146444321e-03
3.500000000000000000e+02 3.390309866517782211e-03 8.140729619299236219e-07 5.535557284019887447e-04 2.022681292146444321e-03
3.600000000000000000e+02 3.390309866517782211e-03 8.140729619299236219e-07 5.535557284019887447e-04 2.022681292146444321e-03
3.700000000000000000e+02 3.390309866517782211e-03 8.140729619299236219e-07 5.535557284019887447e-04 2.022681292146444321e-03
3.800000000000000000e+02 3.390309866517782211e-03 8.140729619299236219e-07 5.535557284019887447e-04 2.022681292146444321e-03
3.900000000000000000e+02 3.390309866517782211e-03 8.140729619299236219e-07 5.535557284019887447e-04 2.022681292146444321e-03
4.000000000000000000e+02 3.390309866517782211e-03 8.140729619299236219e-07 5.535557284019887447e-04 2.022681292146444321e-03
4.100000000000000000e+02 3.390309866517782211e-03 8.140729619299236219e-07 5.535557284019887447e-04 2.022681292146444321e-03
4.200000000000000000e+02 3.390309866517782211e-03 8.140729619299236219e-07 5.535557284019887447e-04 2.022681292146444321e-03
4.300000000000000000e+02 3.390309866517782211e-03 8.140729619299236219e-07 5.535557284019887447e-04 2.022681292146444321e-03
4.400000000000000000e+02 3.390309866517782211e-03 8.140729619299236219e-07 5.535557284019887447e-04 2.022681292146444321e-03
4.500000000000000000e+02 3.390309866517782211e-03 8.140729619299236219e-07 5.535557284019887447e-04 2.022681292146444321e-03
4.600000000000000000e+02 3.390309866517782211e-03 8.140729619299236219e-07 5.535557284019887447e-04 2.022681292146444321e-03
4.700000000000000000e+02 3.390309866517782211e-03 8.140729619299236219e-07 5.535557284019887447e-04 2.022681292146444321e-03
4.800000000000000000e+02 3.390309866517782211e-03 8.140729619299236219e-07 5.535557284019887447e-04 2.022681292146444321e-03
4.900000000000000000e+02 3.390309866517782211e-03 8.140729619299236219e-07 5.535557284019887447e-04 2.022681292146444321e-03
5.000000000000000000e+02 3.390309866517782211e-03 8.140729619299236219e-07 5.535557284019887447e-04 2.022681292146444321e-03
5.100000000000000000e+02 3.390309866517782211e-03 8.140729619299236219e-07 5.535557284019887447e-04 2.022681292146444321e-03
5.200000000000000000e+02 3.390309866517782211e-03 8.140729619299236219e-07 5.535557284019887447e-04 2.022681292146444321e-03
5.300000000000000000e+02 3.390309866517782211e-03 8.140729619299236219e-07 5.535557284019887447e-04 2.022681292146444321e-03
5.400000000000000000e+02 3.390309866517782211e-03 8.140729619299236219e-07 5.535557284019887447e-04 2.022681292146444321e-03
5.500000000000000000e+02 3.390309866517782211e-03 8.140729619299236219e-07 5.535557284019887447e-04 2.022681292146444321e-03
5.600000000000000000e+02 3.390309866517782211e-03 8.140729619299236219e-07 5.535557284019887447e-04 2.022681292146444321e-03
5.700000000000000000e+02 3.390309866517782211e-03 8.140729619299236219e-07 5.535557284019887447e-04 2.022681292146444321e-03
5.800000000000000000e+02 3.390309866517782211e-03 8.140729619299236219e-07 5.535557284019887447e-04 2.022681292146444321e-03
5.900000000000000000e+02 3.390309866517782211e-03 8.140729619299236219e-07 5.535557284019887447e-04 2.022681292146444321e-03
6.000000000000000000e+02 3.390309866517782211e-03 8.140729619299236219e-07 5.535557284019887447e-04 2.022681292146444321e-03
6.100000000000000000e+02 3.390309866517782211e-03 8.140729619299236219e-07 5.535557284019887447e-04 2.022681292146444321e-03
6.200000000000000000e+02 3.390309866517782211e-03 8.140729619299236219e-07 5.535557284019887447e-04 2.022681292146444321e-03
6.300000000000000000e+02 3.390309866517782211e-03 8.140729619299236219e-07 5.535557284019887447e-04 2.022681292146444321e-03
6.400000000000000000e+02 3.390309866517782211e-03 8.140729619299236219e-07 5.535557284019887447e-04 2.022681292146444321e-03
6.500000000000000000e+02 3.390309866517782211e-03 8.140729619299236219e-07 5.535557284019887447e-04 2.022681292146444321e-03
6.600000000000000000e+02 3.390309866517782211e-03 8.140729619299236219e-07 5.535557284019887447e-04 2.022681292146444321e-03
6.700000000000000000e+02 3.390309866517782211e-03 8.140729619299236219e-07 5.535557284019887447e-04 2.022681292146444321e-03
6.800000000000000000e+02 3.390309866517782211e-03 8.140729619299236219e-07 5.535557284019887447e-04 2.022681292146444321e-03
6.900000000000000000e+02 3.390309866517782211e-03 8.140729619299236219e-07 5.535557284019887447e-04 2.022681292146444321e-03
7.000000000000000000e+02 3.390309866517782211e-03 8.140729619299236219e-07 5.535557284019887447e-04 2.022681292146444321e-03
7.100000000000000000e+02 3.390309866517782211e-03 8.140729619299236219e-07 5.535557284019887447e-04 2.022681292146444321e-03
7.200000000000000000e+02 3.390309866517782211e-03 8.140729619299236219e-07 5.535557284019887447e-04 2.022681292146444321e-03
7.300000000000000000e+02 3.390309866517782211e-03 8.140729619299236219e-07 5.535557284019887447e-04 2.022681292146444321e-03
7.400000000000000000e+02 3.390309866517782211e-03 8.140729619299236219e-07 5.535557284019887447e-04 2.022681292146444321e-03
7.500000000000000000e+02 3.390309866517782211e-03 8.140729619299236219e-07 5.535557284019887447e-04 2.022681292146444321e-03
7.600000000000000000e+02 3.390309866517782211e-03 8.140729619299236219e-07 5.535557284019887447e-04 2.022681292146444321e-03
7.700000000000000000e+02 3.390309866517782211e-03 8.140729619299236219e-07 5.535557284019887447e-04 2.022681292146444321e-03
7.800000000000000000e+02 3.390309866517782211e-03 8.140729619299236219e-07 5.535557284019887447e-04 2.022681292146444321e-03
7.900000000000000000e+02 3.390309866517782211e-03 8.140729619299236219e-07 5.535557284019887447e-04 2.022681292146444321e-03
8.000000000000000000e+02 3.390309866517782211e-03 8.140729619299236219e-07 5.535557284019887447e-04 2.022681292146444321e-03
8.100000000000000000e+02 3.390309866517782211e-03 8.140729619299236219e-07 5.535557284019887447e-04 2.022681292146444321e-03
8.200000000000000000e+02 3.390309866517782211e-03 8.140729619299236219e-07 5.535557284019887447e-04 2.022681292146444321e-03
8.300000000000000000e+02 3.390309866517782211e-03 8.140729619299236219e-07 5.535557284019887447e-04 2.022681292146444321e-03
8.400000000000000000e+02 3.390309866517782211e-03 8.140729619299236219e-07 5.535557284019887447e-04 2.022681292146444321e-03
8.500000000000000000e+02 3.390309866517782211e-03 8.140729619299236219e-07 5.535557284019887447e-04 2.022681292146444321e-03
8.600000000000000000e+02 3.390309866517782211e-03 8.140729619299236219e-07 5.535557284019887447e-04 2.022681292146444321e-03
8.700000000000000000e+02 3.390309866517782211e-03 8.140729619299236219e-07 5.535557284019887447e-04 2.022681292146444321e-03
8.800000000000000000e+02 3.390309866517782211e-03 8.140729619299236219e-07 5.535557284019887447e-04 2.022681292146444321e-03
8.900000000000000000e+02 3.390309866517782211e-03 8.140729619299236219e-07 5.535557284019887447e-04 2.022681292146444321e-03
9.000000000000000000e+02 3.390309866517782211e-03 8.140729619299236219e-07 5.535557284019887447e-04 2.022681292146444321e-03
9.100000000000000000e+02 3.390309866517782211e-03 8.140729619299236219e-07 5.535557284019887447e-04 2.022681292146444321e-03
9.200000000000000000e+02 3.390309866517782211e-03 8.140729619299236219e-07 5.535557284019887447e-04 2.022681292146444321e-03
9.300000000000000000e+02 3.390309866517782211e-03 8.140729619299236219e-07 5.535557284019887447e-04 2.022681292146444321e-03
9.400000000000000000e+02 3.390309866517782211e-03 8.140729619299236219e-07 5.535557284019887447e-04 2.022681292146444321e-03
9.500000000000000000e+02 3.390309866517782211e-03 8.140729619299236219e-07 5.535557284019887447e-04 2.022681292146444321e-03
9.600000000000000000e+02 3.390309866517782211e-03 8.140729619299236219e-07 5.535557284019887447e-04 2.022681292146444321e-03
9.700000000000000000e+02 3.390309866517782211e-03 8.140729619299236219e-07 5.535557284019887447e-04 2.022681292146444321e-03
9.800000000000000000e+02 3.390309866517782211e-03 8.140729619299236219e-07 5.535557284019887447e-04 2.022681292146444321e-03
9.900000000000000000e+02 3.390309866517782211e-03 8.140729619299236219e-07 5.535557284019887447e-04 2.022681292146444321e-03
