0.000000000000000000e+00 4.823058128356933594e+00 2.607020083814859390e-03 5.853750109672546387e-01 1.630663037300109863e+00
1.000000000000000000e+01 4.997280597686767578e+00 2.782614901661872864e-03 6.032230257987976074e-01 1.611442685127258301e+00
2.000000000000000000e+01 4.928651809692382812e+00 2.714033238589763641e-03 6.032206416130065918e-01 1.611397743225097656e+00
3.000000000000000000e+01 4.910308361053466797e+00 2.695347182452678680e-03 6.035239696502685547e-01 1.611437201499938965e+00
4.000000000000000000e+01 4.859581470489501953e+00 2.644294640049338341e-03 6.055824160575866699e-01 1.609704256057739258e+00
5.000000000000000000e+01 4.902802944183349609e+00 2.687169471755623817e-03 6.057095527648925781e-01 1.609923958778381348e+00
6.000000000000000000e+01 4.922035217285156250e+00 2.711434150114655495e-03 5.985000133514404297e-01 1.612101316452026367e+00
7.000000000000000000e+01 4.940940856933593750e+00 2.763007069006562233e-03 5.182827711105346680e-01 1.659650921821594238e+00
8.000000000000000000e+01 5.071678638458251953e+00 2.699077595025300980e-03 6.331903934478759766e-01 1.739410519599914551e+00
9.000000000000000000e+01 4.783184051513671875e+00 2.609745599329471588e-03 5.208405852317810059e-01 1.652597665786743164e+00
1.000000000000000000e+02 4.687781333923339844e+00 2.564344787970185280e-03 4.420163035392761230e-01 1.681419849395751953e+00
1.100000000000000000e+02 4.741956710815429688e+00 2.722112229093909264e-03 4.535950720310211182e-01 1.566249370574951172e+00
1.200000000000000000e+02 4.534525871276855469e+00 2.605151617899537086e-03 4.757924973964691162e-01 1.453581690788269043e+00
1.300000000000000000e+02 4.518399238586425781e+00 2.590325661003589630e-03 4.741908609867095947e-01 1.453882694244384766e+00
1.400000000000000000e+02 4.270384788513183594e+00 2.509855199605226517e-03 3.830592334270477295e-01 1.377470374107360840e+00
1.500000000000000000e+02 4.257736206054687500e+00 2.714007394388318062e-03 2.734482586383819580e-01 1.270280361175537109e+00
1.600000000000000000e+02 3.288042306900024414e+00 2.400956349447369576e-03 2.105719149112701416e-01 6.765138506889343262e-01
1.700000000000000000e+02 2.195745468139648438e+00 1.611442421562969685e-03 3.143711090087890625e-01 2.699320018291473389e-01
1.800000000000000000e+02 1.643267750740051270e+00 1.166017260402441025e-03 1.578877121210098267e-01 3.193627595901489258e-01
1.900000000000000000e+02 1.392115205526351929e-01 8.508134487783536315e-05 1.428613904863595963e-02 3.984403610229492188e-02
2.000000000000000000e+02 7.163837552070617676e-02 3.399161141715012491e-05 1.323941745795309544e-03 3.632281720638275146e-02
2.100000000000000000e+02 5.223298072814941406e-02 2.000303720706142485e-05 3.647758858278393745e-04 3.186516463756561279e-02
2.200000000000000000e+02 4.486963897943496704e-02 9.004590538097545505e-06 8.601266308687627316e-04 3.500492125749588013e-02
2.300000000000000000e+02 4.194516688585281372e-02 7.395412467303685844e-06 6.423355662263929844e-04 3.390742093324661255e-02
2.400000000000000000e+02 3.998982906341552734e-02 6.422794285754207522e-06 9.341415716335177422e-04 3.263289108872413635e-02
2.500000000000000000e+02 3.843813017010688782e-02 7.589962024212582037e-06 8.262315532192587852e-04 3.002193756401538849e-02
2.600000000000000000e+02 3.800200298428535461e-02 8.235248060373123735e-06 8.230805397033691406e-04 2.894367463886737823e-02
2.700000000000000000e+02 3.477236628532409668e-02 7.365471901721321046e-06 1.018511014990508556e-03 2.638838440179824829e-02
2.800000000000000000e+02 3.308159112930297852e-02 7.884636033850256354e-06 1.022473676130175591e-03 2.417448349297046661e-02
2.900000000000000000e+02 3.389113396406173706e-02 8.344257366843521595e-06 8.087219321168959141e-04 2.473815530538558960e-02
3.000000000000000000e+02 3.025636076927185059e-02 6.062932243366958573e-06 8.521412382833659649e-04 2.334128692746162415e-02
3.100000000000000000e+02 3.145490586757659912e-02 7.628428647876717150e-06 6.419459823518991470e-04 2.318453229963779449e-02
3.200000000000000000e+02 2.940792217850685120e-02 6.177387604111572728e-06 1.020591706037521362e-03 2.220994234085083008e-02
3.300000000000000000e+02 2.901515737175941467e-02 6.908042905706679448e-06 1.176196383312344551e-03 2.093091793358325958e-02
3.400000000000000000e+02 2.810294553637504578e-02 7.348910003202036023e-06 9.775868384167551994e-04 1.977644860744476318e-02
3.500000000000000000e+02 2.631091512739658356e-02 6.647282589256064966e-06 9.361106203868985176e-04 1.872752234339714050e-02
3.600000000000000000e+02 2.501826733350753784e-02 6.389179361576680094e-06 1.121342997066676617e-03 1.750774495303630829e-02
3.700000000000000000e+02 2.501125074923038483e-02 6.238256901269778609e-06 1.104344031773507595e-03 1.766864955425262451e-02
3.800000000000000000e+02 2.468743175268173218e-02 5.975397471047472209e-06 1.523993210867047310e-03 1.718804240226745605e-02
3.900000000000000000e+02 2.173504419624805450e-02 5.263118964649038389e-06 1.443285960704088211e-03 1.502863876521587372e-02
4.000000000000000000e+02 2.365131862461566925e-02 6.725674666085978970e-06 1.284616184420883656e-03 1.564102806150913239e-02
4.100000000000000000e+02 2.382279559969902039e-02 5.930697625444736332e-06 1.911369385197758675e-03 1.598072797060012817e-02
4.200000000000000000e+02 2.257882058620452881e-02 6.073137228668201715e-06 1.738745137117803097e-03 1.476693712174892426e-02
4.300000000000000000e+02 2.447377890348434448e-02 7.167369858507299796e-06 1.810850226320326328e-03 1.549555733799934387e-02
4.400000000000000000e+02 2.142431959509849548e-02 5.909316769248107448e-06 1.646726275794208050e-03 1.386827602982521057e-02
4.500000000000000000e+02 2.297589182853698730e-02 7.706644282734487206e-06 1.702403882518410683e-03 1.356684416532516479e-02
4.600000000000000000e+02 2.131908386945724487e-02 5.693180355592630804e-06 2.051170449703931808e-03 1.357473246753215790e-02
4.700000000000000000e+02 2.003307268023490906e-02 5.153812708158511668e-06 1.530207809992134571e-03 1.334905158728361130e-02
4.800000000000000000e+02 2.204792946577072144e-02 5.739586868003243580e-06 1.560662989504635334e-03 1.474767923355102539e-02
4.900000000000000000e+02 2.162719517946243286e-02 5.303635589370969683e-06 1.596610411070287228e-03 1.472694799304008484e-02
5.000000000000000000e+02 2.151464484632015228e-02 5.949920705461408943e-06 1.939590554684400558e-03 1.362513378262519836e-02
5.100000000000000000e+02 2.165873721241950989e-02 5.395551397668896243e-06 1.893175067380070686e-03 1.437001116573810577e-02
5.200000000000000000e+02 1.885850355029106140e-02 5.007762865716358647e-06 2.043770859017968178e-03 1.180696953088045120e-02
5.300000000000000000e+02 2.364753931760787964e-02 9.193401638185605407e-06 2.201124792918562889e-03 1.225301343947649002e-02
5.400000000000000000e+02 1.868890970945358276e-02 4.931208877678727731e-06 2.105028135702013969e-03 1.165267359465360641e-02
5.500000000000000000e+02 1.858690194785594940e-02 5.627428436127956957e-06 1.864137011580169201e-03 1.109533570706844330e-02
5.600000000000000000e+02 1.887404918670654297e-02 6.471511824202025309e-06 2.308496274054050446e-03 1.009404193609952927e-02
5.700000000000000000e+02 1.944571919739246368e-02 6.076819317968329415e-06 2.258308930322527885e-03 1.111059077084064484e-02
5.800000000000000000e+02 1.640213839709758759e-02 3.709216116476454772e-06 2.267427043989300728e-03 1.042549498379230499e-02
5.900000000000000000e+02 1.719946786761283875e-02 5.068897735327482224e-06 3.119965083897113800e-03 9.010604582726955414e-03
6.000000000000000000e+02 1.618636399507522583e-02 4.598732630256563425e-06 3.180576022714376450e-03 8.407055400311946869e-03
6.100000000000000000e+02 1.646173000335693359e-02 4.447036644705804065e-06 3.103040158748626709e-03 8.911654353141784668e-03
6.200000000000000000e+02 1.437937282025814056e-02 3.190253892171313055e-06 2.603260334581136703e-03 8.585859090089797974e-03
6.300000000000000000e+02 1.359664369374513626e-02 3.264573933847714216e-06 2.384873805567622185e-03 7.947196252644062042e-03
6.400000000000000000e+02 1.338913105428218842e-02 3.069804961342015304e-06 2.344182226806879044e-03 7.975143380463123322e-03
6.500000000000000000e+02 2.967375144362449646e-02 1.935442560352385044e-05 2.344182226806879044e-03 7.975143380463123322e-03
6.600000000000000000e+02 3.698272630572319031e-02 2.666339969437103719e-05 2.344182226806879044e-03 7.975143380463123322e-03
6.700000000000000000e+02 2.904153987765312195e-02 1.872221400844864547e-05 2.344182226806879044e-03 7.975143380463123322e-03
6.800000000000000000e+02 4.715497419238090515e-02 3.683564864331856370e-05 2.344182226806879044e-03 7.975143380463123322e-03
6.900000000000000000e+02 1.278833579272031784e-02 2.469010269123828039e-06 2.344182226806879044e-03 7.975143380463123322e-03
7.000000000000000000e+02 1.792079955339431763e-02 7.601474408147623762e-06 2.344182226806879044e-03 7.975143380463123322e-03
7.100000000000000000e+02 2.314402163028717041e-02 1.282469474972458556e-05 2.344182226806879044e-03 7.975143380463123322e-03
7.200000000000000000e+02 1.425513997673988342e-02 3.935813765565399081e-06 2.344182226806879044e-03 7.975143380463123322e-03
7.300000000000000000e+02 3.943978622555732727e-02 2.912046147685032338e-05 2.344182226806879044e-03 7.975143380463123322e-03
7.400000000000000000e+02 1.320998184382915497e-02 3.305154223198769614e-06 2.839546883478760719e-03 7.065281271934509277e-03
7.500000000000000000e+02 1.467658206820487976e-02 3.960938556701876223e-06 2.702731871977448463e-03 8.012911304831504822e-03
7.600000000000000000e+02 1.454285252839326859e-02 3.832265520031796768e-06 2.091801026836037636e-03 8.618785999715328217e-03
7.700000000000000000e+02 1.253844052553176880e-02 2.344924723729491234e-06 2.475036541000008583e-03 7.718479260802268982e-03
7.800000000000000000e+02 1.394117623567581177e-02 3.670646947284694761e-06 2.696184208616614342e-03 7.574344985187053680e-03
7.900000000000000000e+02 1.253937836736440659e-02 2.558920868978020735e-06 2.523337490856647491e-03 7.457120344042778015e-03
8.000000000000000000e+02 1.438679173588752747e-02 3.610939302234328352e-06 2.302783541381359100e-03 8.473069407045841217e-03
8.100000000000000000e+02 1.216330379247665405e-02 2.761605628620600328e-06 2.395224524661898613e-03 7.006473373621702194e-03
8.200000000000000000e+02 1.172475330531597137e-02 2.379611487413058057e-06 2.555503742769360542e-03 6.789637263864278793e-03
8.300000000000000000e+02 1.214521937072277069e-02 2.891186795750400051e-06 2.451311098411679268e-03 6.802721414715051651e-03
8.400000000000000000e+02 1.178316026926040649e-02 2.555017317718011327e-06 2.376100514084100723e-03 6.852041929960250854e-03
8.500000000000000000e+02 1.519610825926065445e-02 4.191696916677756235e-06 2.958575729280710220e-03 8.045835420489311218e-03
8.600000000000000000e+02 1.144185103476047516e-02 2.741690423135878518e-06 2.370591508224606514e-03 6.329569034278392792e-03
8.700000000000000000e+02 1.141039840877056122e-02 2.659884557942859828e-06 2.414525486528873444e-03 6.335988175123929977e-03
8.800000000000000000e+02 1.416457630693912506e-02 5.414062798081431538e-06 2.414525486528873444e-03 6.335988175123929977e-03
8.900000000000000000e+02 1.122887991368770599e-02 2.760846882665646262e-06 2.572120400145649910e-03 5.895912181586027145e-03
9.000000000000000000e+02 1.164163369685411453e-02 3.165396492477157153e-06 2.551250858232378960e-03 5.924986675381660461e-03
9.100000000000000000e+02 1.157559640705585480e-02 3.020324584213085473e-06 2.599759958684444427e-03 5.955511238425970078e-03
9.200000000000000000e+02 1.005950197577476501e-02 2.773917458398500457e-06 1.970918383449316025e-03 5.314665846526622772e-03
9.300000000000000000e+02 9.995916858315467834e-03 2.463768623783835210e-06 2.000369830057024956e-03 5.531779024749994278e-03
9.400000000000000000e+02 9.828435257077217102e-03 3.337516773171955720e-06 1.729913405142724514e-03 4.761004820466041565e-03
9.500000000000000000e+02 9.393814951181411743e-03 3.363579935466987081e-06 1.718528917990624905e-03 4.311706405133008957e-03
9.600000000000000000e+02 9.192688390612602234e-03 2.988362211908679456e-06 1.596127403900027275e-03 4.608199000358581543e-03
9.700000000000000000e+02 8.890963159501552582e-03 3.027674893019138835e-06 1.681004068814218044e-03 4.182284232228994370e-03
9.800000000000000000e+02 9.745357558131217957e-03 3.586098273444804363e-06 1.872788998298346996e-03 4.286470822989940643e-03
9.900000000000000000e+02 8.515646681189537048e-03 2.763394377325312234e-06 1.628644764423370361e-03 4.123607650399208069e-03
