0.000000000000000000e+00 4.823058128356933594e+00 2.607020083814859390e-03 5.853750109672546387e-01 1.630663037300109863e+00
1.000000000000000000e+01 4.998635292053222656e+00 2.782512921839952469e-03 5.854383111000061035e-01 1.630684375762939453e+00
2.000000000000000000e+01 4.930446147918701172e+00 2.714288188144564629e-03 5.856014490127563477e-01 1.630556464195251465e+00
3.000000000000000000e+01 4.908698081970214844e+00 2.694114577025175095e-03 5.884113311767578125e-01 1.626172184944152832e+00
4.000000000000000000e+01 4.868003368377685547e+00 2.653408097103238106e-03 5.884177684783935547e-01 1.626177668571472168e+00
5.000000000000000000e+01 4.923797607421875000e+00 2.690793946385383606e-03 5.769188404083251953e-01 1.656084895133972168e+00
6.000000000000000000e+01 4.886253356933593750e+00 2.709812251850962639e-03 5.864168405532836914e-01 1.590024471282958984e+00
7.000000000000000000e+01 6.073503494262695312e+00 3.896817332133650780e-03 5.863105654716491699e-01 1.590375185012817383e+00
8.000000000000000000e+01 4.824587821960449219e+00 2.673800336197018623e-03 6.183412671089172363e-01 1.532446265220642090e+00
9.000000000000000000e+01 4.462584495544433594e+00 2.639898331835865974e-03 5.044882893562316895e-01 1.318197727203369141e+00
1.000000000000000000e+02 3.951492071151733398e+00 2.757746027782559395e-03 7.783318161964416504e-01 4.154143035411834717e-01
1.100000000000000000e+02 4.677988052368164062e+00 3.501258324831724167e-03 7.847530841827392578e-01 3.919762372970581055e-01
1.200000000000000000e+02 4.198674201965332031e+00 3.052008338272571564e-03 7.492551207542419434e-01 3.974106609821319580e-01
1.300000000000000000e+02 3.990784883499145508e+00 2.860293723642826080e-03 7.467436790466308594e-01 3.837476372718811035e-01
1.400000000000000000e+02 3.811072349548339844e+00 2.793069463223218918e-03 7.382354736328125000e-01 2.797674834728240967e-01
1.500000000000000000e+02 5.018568515777587891e+00 4.235792439430952072e-03 7.256004214286804199e-01 5.717559903860092163e-02
1.600000000000000000e+02 3.831193208694458008e+00 3.117456799373030663e-03 6.022911667823791504e-01 1.114453002810478210e-01
1.700000000000000000e+02 3.676623821258544922e+00 2.982920734211802483e-03 4.472392201423645020e-01 2.464639544486999512e-01
1.800000000000000000e+02 3.742038249969482422e+00 3.022469813004136086e-03 4.881033301353454590e-01 2.314650118350982666e-01
1.900000000000000000e+02 3.433990716934204102e+00 2.859860425814986229e-03 4.040321707725524902e-01 1.700980067253112793e-01
2.000000000000000000e+02 3.382750272750854492e+00 2.868603449314832687e-03 3.938710391521453857e-01 1.202757731080055237e-01
2.100000000000000000e+02 6.596583366394042969e+00 6.082436535507440567e-03 3.938710391521453857e-01 1.202757731080055237e-01
2.200000000000000000e+02 3.845050096511840820e+00 3.253646427765488625e-03 4.029370546340942383e-01 1.884667277336120605e-01
2.300000000000000000e+02 3.466264009475708008e+00 2.965718507766723633e-03 3.919665515422821045e-01 1.085788533091545105e-01
2.400000000000000000e+02 3.388354539871215820e+00 2.861103275790810585e-03 4.007411599159240723e-01 1.265101283788681030e-01
2.500000000000000000e+02 6.615488281250000000e+04 6.615435791015625000e+01 4.007411599159240723e-01 1.265101283788681030e-01
2.600000000000000000e+02 3.434575319290161133e+00 2.942597027868032455e-03 3.886404037475585938e-01 1.033379957079887390e-01
2.700000000000000000e+02 3.424768686294555664e+00 2.927890047430992126e-03 3.890144824981689453e-01 1.078641340136528015e-01
2.800000000000000000e+02 3.470817804336547852e+00 2.974040806293487549e-03 3.888672590255737305e-01 1.079099103808403015e-01
2.900000000000000000e+02 3.390193700790405273e+00 2.896966878324747086e-03 3.873739242553710938e-01 1.058528497815132141e-01
3.000000000000000000e+02 3.443437099456787109e+00 2.927973633632063866e-03 3.925748467445373535e-01 1.228886023163795471e-01
3.100000000000000000e+02 3.367494821548461914e+00 2.906489884480834007e-03 3.875762224197387695e-01 7.342889159917831421e-02
3.200000000000000000e+02 3.338178873062133789e+00 2.870690310373902321e-03 3.818536996841430664e-01 8.563495427370071411e-02
3.300000000000000000e+02 3.381385087966918945e+00 2.917079487815499306e-03 3.832529783248901367e-01 8.105263859033584595e-02
3.400000000000000000e+02 3.473775148391723633e+00 3.016865812242031097e-03 3.888395428657531738e-01 6.806992739439010620e-02
3.500000000000000000e+02 3.472011327743530273e+00 3.015222959220409393e-03 3.888021111488342285e-01 6.798613816499710083e-02
3.600000000000000000e+02 3.396377563476562500e+00 2.876292914152145386e-03 3.893855810165405273e-01 1.306992024183273315e-01
3.700000000000000000e+02 3.348718404769897461e+00 2.762546995654702187e-03 3.948747217655181885e-01 1.912965625524520874e-01
3.800000000000000000e+02 3.469137430191040039e+00 2.892162650823593140e-03 3.908127546310424805e-01 1.861621886491775513e-01
3.900000000000000000e+02 4.794316291809082031e+00 2.713544992730021477e-03 5.782878994941711426e-01 1.502483367919921875e+00
4.000000000000000000e+02 4.551166534423828125e+00 2.611285541206598282e-03 5.021423101425170898e-01 1.437738895416259766e+00
4.100000000000000000e+02 4.648730278015136719e+00 2.716599730774760246e-03 5.000815391540527344e-01 1.432049274444580078e+00
4.200000000000000000e+02 4.557097911834716797e+00 2.624988090246915817e-03 5.000063180923461914e-01 1.432103633880615234e+00
4.300000000000000000e+02 4.651801109313964844e+00 2.719684736803174019e-03 5.004423260688781738e-01 1.431674242019653320e+00
4.400000000000000000e+02 4.589396953582763672e+00 2.656565513461828232e-03 5.005061626434326172e-01 1.432325482368469238e+00
4.500000000000000000e+02 4.614018917083740234e+00 2.681752899661660194e-03 5.002478957176208496e-01 1.432018160820007324e+00
4.600000000000000000e+02 4.560815334320068359e+00 2.628870541229844093e-03 5.001174211502075195e-01 1.431827545166015625e+00
4.700000000000000000e+02 4.567655086517333984e+00 2.635863842442631721e-03 5.000163316726684570e-01 1.431775212287902832e+00
4.800000000000000000e+02 4.572454452514648438e+00 2.640699036419391632e-03 5.000545382499694824e-01 1.431700468063354492e+00
4.900000000000000000e+02 4.645303726196289062e+00 2.713545225560665131e-03 5.000532269477844238e-01 1.431705117225646973e+00
5.000000000000000000e+02 4.468826293945312500e+00 2.537183230742812157e-03 5.000702142715454102e-01 1.431573033332824707e+00
5.100000000000000000e+02 4.578856468200683594e+00 2.647166140377521515e-03 5.000746250152587891e-01 1.431615471839904785e+00
5.200000000000000000e+02 4.578694343566894531e+00 2.646999899297952652e-03 5.000763535499572754e-01 1.431618213653564453e+00
5.300000000000000000e+02 4.649926185607910156e+00 2.718231640756130219e-03 5.000763535499572754e-01 1.431618213653564453e+00
5.400000000000000000e+02 4.541460990905761719e+00 2.609766321256756783e-03 5.000754594802856445e-01 1.431619286537170410e+00
5.500000000000000000e+02 4.569536209106445312e+00 2.637825207784771919e-03 5.000870227813720703e-01 1.431623816490173340e+00
5.600000000000000000e+02 4.571142196655273438e+00 2.639431273564696312e-03 5.000870227813720703e-01 1.431623816490173340e+00
5.700000000000000000e+02 4.516239166259765625e+00 2.584541216492652893e-03 5.001201629638671875e-01 1.431577920913696289e+00
5.800000000000000000e+02 4.553766250610351562e+00 2.622060244902968407e-03 5.001504421234130859e-01 1.431555747985839844e+00
5.900000000000000000e+02 4.615261077880859375e+00 2.683543600142002106e-03 5.001836419105529785e-01 1.431533932685852051e+00
6.000000000000000000e+02 4.569345951080322266e+00 2.637627068907022476e-03 5.001831650733947754e-01 1.431535601615905762e+00
6.100000000000000000e+02 4.630112648010253906e+00 2.698392840102314949e-03 5.001820921897888184e-01 1.431537747383117676e+00
6.200000000000000000e+02 4.513913631439208984e+00 2.582198707386851311e-03 5.001786351203918457e-01 1.431536555290222168e+00
6.300000000000000000e+02 4.674455642700195312e+00 2.742740558460354805e-03 5.001786351203918457e-01 1.431536555290222168e+00
6.400000000000000000e+02 4.635051727294921875e+00 2.703345846384763718e-03 5.001666545867919922e-01 1.431539297103881836e+00
6.500000000000000000e+02 4.562031269073486328e+00 2.630329923704266548e-03 5.001596808433532715e-01 1.431541562080383301e+00
6.600000000000000000e+02 4.646464347839355469e+00 2.714803675189614296e-03 5.001216530799865723e-01 1.431539297103881836e+00
6.700000000000000000e+02 4.599550724029541016e+00 2.667933003976941109e-03 5.000841617584228516e-01 1.431533694267272949e+00
6.800000000000000000e+02 4.664628028869628906e+00 2.733082277700304985e-03 5.000398159027099609e-01 1.431506156921386719e+00
6.900000000000000000e+02 4.502596855163574219e+00 2.570990007370710373e-03 5.000954866409301758e-01 1.431511640548706055e+00
7.000000000000000000e+02 4.571580886840820312e+00 2.639977959915995598e-03 5.000928640365600586e-01 1.431510210037231445e+00
7.100000000000000000e+02 4.661787033081054688e+00 2.730184001848101616e-03 5.000926852226257324e-01 1.431509971618652344e+00
7.200000000000000000e+02 4.440393924713134766e+00 2.508769510313868523e-03 5.001111030578613281e-01 1.431513190269470215e+00
7.300000000000000000e+02 4.554615974426269531e+00 2.622991800308227539e-03 5.001111030578613281e-01 1.431513190269470215e+00
7.400000000000000000e+02 4.599504470825195312e+00 2.667880617082118988e-03 5.001122951507568359e-01 1.431511640548706055e+00
7.500000000000000000e+02 4.614161491394042969e+00 2.682523336261510849e-03 5.001199841499328613e-01 1.431518077850341797e+00
7.600000000000000000e+02 4.582430839538574219e+00 2.650809241458773613e-03 5.001135468482971191e-01 1.431508183479309082e+00
7.700000000000000000e+02 4.604439258575439453e+00 2.672837581485509872e-03 5.001021623611450195e-01 1.431499600410461426e+00
7.800000000000000000e+02 4.669968605041503906e+00 2.738371025770902634e-03 5.000984072685241699e-01 1.431499123573303223e+00
7.900000000000000000e+02 4.594889163970947266e+00 2.663294319063425064e-03 5.000959038734436035e-01 1.431499004364013672e+00
8.000000000000000000e+02 4.659418582916259766e+00 2.727823797613382339e-03 5.000959038734436035e-01 1.431499004364013672e+00
8.100000000000000000e+02 4.657500267028808594e+00 2.725906204432249069e-03 5.000940561294555664e-01 1.431500196456909180e+00
8.200000000000000000e+02 4.633636474609375000e+00 2.702043624594807625e-03 5.000920891761779785e-01 1.431501030921936035e+00
8.300000000000000000e+02 4.555074214935302734e+00 2.623478882014751434e-03 5.000928044319152832e-01 1.431502699851989746e+00
8.400000000000000000e+02 4.612690448760986328e+00 2.681096317246556282e-03 5.000925660133361816e-01 1.431501746177673340e+00
8.500000000000000000e+02 4.607111454010009766e+00 2.675518626347184181e-03 5.000927448272705078e-01 1.431500196456909180e+00
8.600000000000000000e+02 4.566151618957519531e+00 2.634544158354401588e-03 5.001108646392822266e-01 1.431496858596801758e+00
8.700000000000000000e+02 4.608440399169921875e+00 2.676823874935507774e-03 5.001165270805358887e-01 1.431499958038330078e+00
8.800000000000000000e+02 4.533168792724609375e+00 2.601560903713107109e-03 5.001014471054077148e-01 1.431506633758544922e+00
8.900000000000000000e+02 4.616175651550292969e+00 2.684564562514424324e-03 5.000919103622436523e-01 1.431519150733947754e+00
9.000000000000000000e+02 4.566265583038330078e+00 2.634697128087282181e-03 5.000689029693603516e-01 1.431499600410461426e+00
9.100000000000000000e+02 4.615782260894775391e+00 2.684214618057012558e-03 5.000680088996887207e-01 1.431499838829040527e+00
9.200000000000000000e+02 4.592139720916748047e+00 2.660608151927590370e-03 5.000321865081787109e-01 1.431499361991882324e+00
9.300000000000000000e+02 4.623729705810546875e+00 2.692207461223006248e-03 5.000271797180175781e-01 1.431494712829589844e+00
9.400000000000000000e+02 4.748011112213134766e+00 2.816494554281234741e-03 5.000251531600952148e-01 1.431491374969482422e+00
9.500000000000000000e+02 4.648225307464599609e+00 2.716713584959506989e-03 5.000197887420654297e-01 1.431491851806640625e+00
9.600000000000000000e+02 4.564082145690917969e+00 2.632580231875181198e-03 5.000095367431640625e-01 1.431492447853088379e+00
9.700000000000000000e+02 4.666977405548095703e+00 2.735485089942812920e-03 5.000050663948059082e-01 1.431487441062927246e+00
9.800000000000000000e+02 4.625327110290527344e+00 2.693825634196400642e-03 5.000087022781372070e-01 1.431493043899536133e+00
9.900000000000000000e+02 4.653239727020263672e+00 2.721743658185005188e-03 5.000064969062805176e-01 1.431489706039428711e+00
