0.000000000000000000e+00 4.480569839477539062e+00 2.638491801917552948e-03 5.830009579658508301e-01 1.259077072143554688e+00
1.000000000000000000e+01 1.440357089042663574e+00 1.353636966086924076e-03 5.064283683896064758e-02 3.607730939984321594e-02
2.000000000000000000e+01 9.053924679756164551e-02 2.426296123303472996e-05 3.915832843631505966e-03 6.236045062541961670e-02
3.000000000000000000e+01 4.439110681414604187e-02 1.044696364260744303e-05 3.818777622655034065e-04 3.356226533651351929e-02
4.000000000000000000e+01 4.308536648750305176e-02 7.828135494492016733e-06 4.554728511720895767e-04 3.480175882577896118e-02
5.000000000000000000e+01 4.298875853419303894e-02 7.209612704173196107e-06 3.544652718119323254e-04 3.542467951774597168e-02
6.000000000000000000e+01 4.036212712526321411e-02 6.251489594433223829e-06 6.909231888130307198e-04 3.341971337795257568e-02
7.000000000000000000e+01 4.031886160373687744e-02 6.234657575987512246e-06 8.245821809396147728e-04 3.325962275266647339e-02
8.000000000000000000e+01 3.890286386013031006e-02 7.346106485783820972e-06 6.656788173131644726e-04 3.089107759296894073e-02
9.000000000000000000e+01 3.728289529681205750e-02 8.176952178473584354e-06 8.243391057476401329e-04 2.828160300850868225e-02
1.000000000000000000e+02 3.716684877872467041e-02 9.552210940455552191e-06 8.766978862695395947e-04 2.673793956637382507e-02
1.100000000000000000e+02 3.562996909022331238e-02 1.064746265910798684e-05 7.381817558780312538e-04 2.424432337284088135e-02
1.200000000000000000e+02 3.508342802524566650e-02 8.027136573218740523e-06 7.264634477905929089e-04 2.632983028888702393e-02
1.300000000000000000e+02 3.237641602754592896e-02 9.305124876846093684e-06 7.168404990807175636e-04 2.235445193946361542e-02
1.400000000000000000e+02 3.053517267107963562e-02 1.051225899573182687e-05 2.011177595704793930e-03 1.801173575222492218e-02
1.500000000000000000e+02 3.031075373291969299e-02 7.528910828114021569e-06 2.902797656133770943e-03 1.987904496490955353e-02
1.600000000000000000e+02 2.557426132261753082e-02 5.913148015679325908e-06 3.951588645577430725e-03 1.570952497422695160e-02
1.700000000000000000e+02 1.839768514037132263e-02 6.291104455158347264e-06 2.416723174974322319e-03 9.689856320619583130e-03
1.800000000000000000e+02 1.754288375377655029e-02 6.858587767055723816e-06 2.704534446820616722e-03 7.979761809110641479e-03
1.900000000000000000e+02 1.375479064881801605e-02 4.763499418913852423e-06 2.636613324284553528e-03 6.354677490890026093e-03
2.000000000000000000e+02 1.262151356786489487e-02 3.823405222647124901e-06 2.799331210553646088e-03 5.998777225613594055e-03
2.100000000000000000e+02 1.134107261896133423e-02 4.163873200013767928e-06 1.988566014915704727e-03 5.188633687794208527e-03
2.200000000000000000e+02 1.047353073954582214e-02 4.022652774438029155e-06 1.807283260859549046e-03 4.643595311790704727e-03
2.300000000000000000e+02 9.395046159625053406e-03 3.561650146366446279e-06 1.742626074701547623e-03 4.090770147740840912e-03
2.400000000000000000e+02 8.942119777202606201e-03 3.412801333979587071e-06 1.577312476001679897e-03 3.952005412429571152e-03
2.500000000000000000e+02 8.679360151290893555e-03 2.848724307114025578e-06 1.617829548195004463e-03 4.212806001305580139e-03
2.600000000000000000e+02 7.766380906105041504e-03 2.745165602391352877e-06 1.522312872111797333e-03 3.498902311548590660e-03
2.700000000000000000e+02 8.351523429155349731e-03 2.696140199986984953e-06 1.577481161803007126e-03 4.077902529388666153e-03
2.800000000000000000e+02 7.233131676912307739e-03 2.714515403567929752e-06 1.241545425727963448e-03 3.277071053162217140e-03
2.900000000000000000e+02 7.370224222540855408e-03 2.708896545300376602e-06 1.320476992987096310e-03 3.340850817039608955e-03
3.000000000000000000e+02 8.158818818628787994e-03 2.809961642924463376e-06 1.402558875270187855e-03 3.946298267692327499e-03
3.100000000000000000e+02 7.298142183572053909e-03 2.512181481506559066e-06 1.248462242074310780e-03 3.537498414516448975e-03
3.200000000000000000e+02 7.484677713364362717e-03 2.384422714385436848e-06 1.304334844462573528e-03 3.795919939875602722e-03
3.300000000000000000e+02 7.458213251084089279e-03 2.373809820710448548e-06 1.256046351045370102e-03 3.828356973826885223e-03
3.400000000000000000e+02 6.747425533831119537e-03 2.171419055230217054e-06 1.103790826164186001e-03 3.472215263172984123e-03
3.500000000000000000e+02 7.014526985585689545e-03 2.170889274566434324e-06 1.244974788278341293e-03 3.598663257434964180e-03
3.600000000000000000e+02 6.572091486304998398e-03 2.140488049917621538e-06 1.187101122923195362e-03 3.244502469897270203e-03
3.700000000000000000e+02 6.404895335435867310e-03 2.021016371145378798e-06 1.161672524176537991e-03 3.222206840291619301e-03
3.800000000000000000e+02 6.790488027036190033e-03 1.935979526024311781e-06 1.254980918020009995e-03 3.599527524784207344e-03
3.900000000000000000e+02 6.982126273214817047e-03 2.030531732089002617e-06 1.244078157469630241e-03 3.707516472786664963e-03
4.000000000000000000e+02 6.599031388759613037e-03 1.876323494798270985e-06 1.255388255231082439e-03 3.467319533228874207e-03
4.100000000000000000e+02 6.239988375455141068e-03 1.823213210627727676e-06 1.186190405860543251e-03 3.230584785342216492e-03
4.200000000000000000e+02 6.157857365906238556e-03 1.786991674634919036e-06 1.172684598714113235e-03 3.198181046172976494e-03
4.300000000000000000e+02 6.751514039933681488e-03 1.886221980385016650e-06 1.333157415501773357e-03 3.532134694978594780e-03
4.400000000000000000e+02 6.413492374122142792e-03 1.801286202862684149e-06 1.234658528119325638e-03 3.377547254785895348e-03
4.500000000000000000e+02 6.419212557375431061e-03 1.683279265307646710e-06 1.256753341294825077e-03 3.479179926216602325e-03
4.600000000000000000e+02 5.717247724533081055e-03 1.393547790939919651e-06 1.178585924208164215e-03 3.145113820210099220e-03
4.700000000000000000e+02 5.725143942981958389e-03 1.421460638084681705e-06 1.217587501741945744e-03 3.086095675826072693e-03
4.800000000000000000e+02 5.846431478857994080e-03 1.467885113015654497e-06 1.227046595886349678e-03 3.151499666273593903e-03
4.900000000000000000e+02 5.931494757533073425e-03 1.482439643041288946e-06 1.256553572602570057e-03 3.192501375451683998e-03
5.000000000000000000e+02 5.846450570970773697e-03 1.571429947944125161e-06 1.140811596997082233e-03 3.134209197014570236e-03
5.100000000000000000e+02 6.726854480803012848e-03 1.920471504490706138e-06 1.320358947850763798e-03 3.486023750156164169e-03
5.200000000000000000e+02 5.685650743544101715e-03 1.426891458322643302e-06 1.122632995247840881e-03 3.136126091703772545e-03
5.300000000000000000e+02 6.036059930920600891e-03 1.386811163683887571e-06 1.251373556442558765e-03 3.397875465452671051e-03
5.400000000000000000e+02 5.552014335989952087e-03 1.278432819162844680e-06 1.163404784165322781e-03 3.110176883637905121e-03
5.500000000000000000e+02 5.591036286205053329e-03 1.122379785556404386e-06 1.167134265415370464e-03 3.301522228866815567e-03
5.600000000000000000e+02 5.284296348690986633e-03 1.031464194056752604e-06 1.163642853498458862e-03 3.089189296588301659e-03
5.700000000000000000e+02 5.271819420158863068e-03 1.004206524157780223e-06 1.144225010648369789e-03 3.123387694358825684e-03
5.800000000000000000e+02 5.782427731901407242e-03 1.203044348585535772e-06 1.256837393157184124e-03 3.322545904666185379e-03
5.900000000000000000e+02 5.182991735637187958e-03 1.060633962879364844e-06 1.117579988203942776e-03 3.004777478054165840e-03
6.000000000000000000e+02 5.474136210978031158e-03 1.061886337083706167e-06 1.189260510727763176e-03 3.222989151254296303e-03
6.100000000000000000e+02 5.546193569898605347e-03 1.159766725322697312e-06 1.158214639872312546e-03 3.228212008252739906e-03
6.200000000000000000e+02 4.951939918100833893e-03 8.941049713939719368e-07 9.518382139503955841e-04 3.105996875092387199e-03
6.300000000000000000e+02 5.312998779118061066e-03 1.123481979448115453e-06 1.049014739692211151e-03 3.140501910820603371e-03
6.400000000000000000e+02 4.875394515693187714e-03 9.523785706733178813e-07 9.544318891130387783e-04 2.968584187328815460e-03
6.500000000000000000e+02 4.895324818789958954e-03 9.438221013624570332e-07 9.618445765227079391e-04 2.989658154547214508e-03
6.600000000000000000e+02 4.532065242528915405e-03 9.264928166885511018e-07 8.691793773323297501e-04 2.736393129453063011e-03
6.700000000000000000e+02 4.521304741501808167e-03 1.056299538504390512e-06 7.701983558945357800e-04 2.694806549698114395e-03
6.800000000000000000e+02 5.916561000049114227e-03 1.770838935044594109e-06 1.069262507371604443e-03 3.076459746807813644e-03
6.900000000000000000e+02 4.941211082041263580e-03 1.197223468807351310e-06 8.421926177106797695e-04 2.901794854551553726e-03
7.000000000000000000e+02 5.491755902767181396e-03 1.407147351528692525e-06 9.247851558029651642e-04 3.159823361784219742e-03
7.100000000000000000e+02 5.134149454534053802e-03 1.180182835014420561e-06 8.601961890235543251e-04 3.093770705163478851e-03
7.200000000000000000e+02 5.216313526034355164e-03 1.229808049174607731e-06 8.883683476597070694e-04 3.098137443885207176e-03
7.300000000000000000e+02 4.685249645262956619e-03 1.004621708489139564e-06 8.546510362066328526e-04 2.825976815074682236e-03
7.400000000000000000e+02 5.325357429683208466e-03 1.313814436798566021e-06 8.803844684734940529e-04 3.131158649921417236e-03
7.500000000000000000e+02 5.015457049012184143e-03 1.104215357372595463e-06 8.856633794493973255e-04 3.025578334927558899e-03
7.600000000000000000e+02 5.822450853884220123e-03 1.416316308677778579e-06 9.278852958232164383e-04 3.478249069303274155e-03
7.700000000000000000e+02 4.760967101901769638e-03 9.869727364275604486e-07 8.262490737251937389e-04 2.947745379060506821e-03
7.800000000000000000e+02 4.457074683159589767e-03 9.952776736099622212e-07 7.325694896280765533e-04 2.729227533563971519e-03
7.900000000000000000e+02 4.674558993428945541e-03 1.085964981939468998e-06 7.307492196559906006e-04 2.857844810932874680e-03
8.000000000000000000e+02 4.529138095676898956e-03 1.078158902600989677e-06 7.001830381341278553e-04 2.750796265900135040e-03
8.100000000000000000e+02 4.699797369539737701e-03 1.112806558012380265e-06 7.404174539260566235e-04 2.846573013812303543e-03
8.200000000000000000e+02 5.085574928671121597e-03 1.244882696482818574e-06 7.966114790178835392e-04 3.044080687686800957e-03
8.300000000000000000e+02 4.908765666186809540e-03 1.211602466355543584e-06 7.320818840526044369e-04 2.965081250295042992e-03
8.400000000000000000e+02 4.833675920963287354e-03 1.216939381265547127e-06 7.298516575247049332e-04 2.886884612962603569e-03
8.500000000000000000e+02 4.861642606556415558e-03 1.200601332129735965e-06 7.442347705364227295e-04 2.916806610301136971e-03
8.600000000000000000e+02 4.683390259742736816e-03 1.197870687974500470e-06 7.379446760751307011e-04 2.747575053945183754e-03
8.700000000000000000e+02 4.439221695065498352e-03 1.068502683665428776e-06 6.698641227558255196e-04 2.700855024158954620e-03
8.800000000000000000e+02 5.084779579192399979e-03 1.440896994608920068e-06 7.518468773923814297e-04 2.892035758122801781e-03
8.900000000000000000e+02 4.747983068227767944e-03 1.248498165296041407e-06 7.181113469414412975e-04 2.781373215839266777e-03
9.000000000000000000e+02 4.458084702491760254e-03 1.005331569103873335e-06 7.215794757939875126e-04 2.731173997744917870e-03
9.100000000000000000e+02 4.368873778730630875e-03 9.222952144227747340e-07 7.108261925168335438e-04 2.735752379521727562e-03
9.200000000000000000e+02 4.382081795483827591e-03 9.508676157565787435e-07 7.095448090694844723e-04 2.721669385209679604e-03
9.300000000000000000e+02 4.453429486602544785e-03 1.096737719308293890e-06 6.733487825840711594e-04 2.683342900127172470e-03
9.400000000000000000e+02 4.640998318791389465e-03 1.231422857017605565e-06 6.902553141117095947e-04 2.719320124015212059e-03
9.500000000000000000e+02 4.682310856878757477e-03 1.175956072074768599e-06 6.909521762281656265e-04 2.815402811393141747e-03
9.600000000000000000e+02 5.000305362045764923e-03 1.326326696471369360e-06 7.158175576478242874e-04 2.958161290735006332e-03
9.700000000000000000e+02 4.459008574485778809e-03 1.024959146889159456e-06 6.973226554691791534e-04 2.736727008596062660e-03
9.800000000000000000e+02 5.228316411375999451e-03 1.515197027401882224e-06 7.607193547300994396e-04 2.952399896457791328e-03
9.900000000000000000e+02 5.198132246732711792e-03 1.324976210526074283e-06 7.765238988213241100e-04 3.096632426604628563e-03
