0.000000000000000000e+00 3.819932222366333008e+00 2.945528132840991020e-03 1.580411940813064575e-01 7.163628935813903809e-01
1.000000000000000000e+01 7.290090918540954590e-01 2.931338094640523195e-04 2.722792327404022217e-01 1.635960936546325684e-01
2.000000000000000000e+01 1.334254741668701172e-01 9.344988211523741484e-05 2.175741596147418022e-03 3.779985755681991577e-02
3.000000000000000000e+01 4.681419953703880310e-02 8.900979082682169974e-06 1.869991392595693469e-04 3.772621974349021912e-02
4.000000000000000000e+01 4.466551542282104492e-02 7.957462003105320036e-06 4.753989051096141338e-04 3.623265400528907776e-02
5.000000000000000000e+01 4.273059219121932983e-02 7.729226126684807241e-06 6.193335284478962421e-04 3.438203409314155579e-02
6.000000000000000000e+01 4.145157709717750549e-02 8.773098670644685626e-06 5.738103645853698254e-04 3.210466727614402771e-02
7.000000000000000000e+01 4.098437726497650146e-02 8.640757187095005065e-06 7.091862498782575130e-04 3.163443505764007568e-02
8.000000000000000000e+01 4.119580611586570740e-02 9.276480341213755310e-06 4.886297392658889294e-04 3.143069520592689514e-02
9.000000000000000000e+01 3.825846314430236816e-02 8.700812031747773290e-06 6.009293138049542904e-04 2.895672246813774109e-02
1.000000000000000000e+02 3.791841119527816772e-02 7.936973815958481282e-06 7.184682181105017662e-04 2.926297113299369812e-02
1.100000000000000000e+02 3.792700916528701782e-02 8.475553840980865061e-06 9.798936080187559128e-04 2.847156114876270294e-02
1.200000000000000000e+02 3.417375683784484863e-02 9.223723282048013061e-06 1.170419971458613873e-03 2.377961203455924988e-02
1.300000000000000000e+02 3.234726935625076294e-02 1.239421362697612494e-05 1.529764384031295776e-03 1.842329092323780060e-02
1.400000000000000000e+02 3.165660426020622253e-02 1.383817289024591446e-05 1.639000605791807175e-03 1.617943122982978821e-02
1.500000000000000000e+02 2.941360697150230408e-02 1.268808773602358997e-05 1.080231042578816414e-03 1.564528979361057281e-02
1.600000000000000000e+02 2.751301415264606476e-02 1.146261365647660568e-05 1.773215946741402149e-03 1.427718438208103180e-02
1.700000000000000000e+02 1.933332346379756927e-02 9.867455446510575712e-06 3.131963545456528664e-03 6.333903875201940536e-03
1.800000000000000000e+02 1.707046478986740112e-02 9.223706911143381149e-06 3.620712086558341980e-03 4.226045217365026474e-03
1.900000000000000000e+02 1.435499172657728195e-02 6.106785349402343854e-06 3.142076078802347183e-03 5.106129683554172516e-03
2.000000000000000000e+02 1.538213249295949936e-02 7.482963610527804121e-06 3.097273642197251320e-03 4.801895469427108765e-03
2.100000000000000000e+02 1.329962722957134247e-02 5.594861249846871942e-06 3.452673321589827538e-03 4.252092912793159485e-03
2.200000000000000000e+02 1.117596589028835297e-02 3.996690338681219146e-06 2.953458344563841820e-03 4.225817043334245682e-03
2.300000000000000000e+02 1.272717863321304321e-02 5.547902674152282998e-06 2.953458344563841820e-03 4.225817043334245682e-03
2.400000000000000000e+02 1.218411326408386230e-02 5.004837021260755137e-06 2.953458344563841820e-03 4.225817043334245682e-03
2.500000000000000000e+02 1.259563118219375610e-02 5.416355179477250203e-06 2.953458344563841820e-03 4.225817043334245682e-03
2.600000000000000000e+02 1.162775047123432159e-02 4.675614036386832595e-06 2.478646347299218178e-03 4.473490174859762192e-03
2.700000000000000000e+02 1.037820242345333099e-02 3.786530669458443299e-06 1.876325812190771103e-03 4.715346265584230423e-03
2.800000000000000000e+02 1.035879086703062057e-02 3.714156946443836205e-06 2.034206409007310867e-03 4.610427655279636383e-03
2.900000000000000000e+02 9.509522467851638794e-03 3.335775318191736005e-06 1.971685094758868217e-03 4.202062729746103287e-03
3.000000000000000000e+02 9.749745950102806091e-03 3.250632289564236999e-06 2.331394469365477562e-03 4.167719278484582901e-03
3.100000000000000000e+02 9.480853565037250519e-03 3.584664000300108455e-06 2.001407789066433907e-03 3.894781460985541344e-03
3.200000000000000000e+02 9.261153638362884521e-03 2.820354893628973514e-06 2.066757297143340111e-03 4.374041687697172165e-03
3.300000000000000000e+02 8.558915928006172180e-03 2.980309091071831062e-06 1.683923648670315742e-03 3.894682507961988449e-03
3.400000000000000000e+02 8.670506998896598816e-03 2.796567287077778019e-06 1.730908057652413845e-03 4.143032245337963104e-03
3.500000000000000000e+02 8.699648082256317139e-03 3.185103878422523849e-06 1.709119649603962898e-03 3.805424552410840988e-03
3.600000000000000000e+02 8.071579039096832275e-03 2.679041699593653902e-06 1.626641955226659775e-03 3.765895729884505272e-03
3.700000000000000000e+02 7.764737121760845184e-03 2.538356739023583941e-06 1.675297156907618046e-03 3.551082918420433998e-03
3.800000000000000000e+02 7.192342076450586319e-03 2.242463096990832128e-06 1.621331088244915009e-03 3.328547812998294830e-03
3.900000000000000000e+02 7.360736839473247528e-03 2.410857632639817894e-06 1.621331088244915009e-03 3.328547812998294830e-03
4.000000000000000000e+02 7.810576818883419037e-03 2.860697804862866178e-06 1.621331088244915009e-03 3.328547812998294830e-03
4.100000000000000000e+02 7.456253748387098312e-03 2.438488536427030340e-06 1.615695073269307613e-03 3.402070142328739166e-03
4.200000000000000000e+02 7.516720332205295563e-03 2.531361815272248350e-06 1.528824446722865105e-03 3.456533653661608696e-03
4.300000000000000000e+02 7.428867276757955551e-03 2.479692511769826524e-06 1.552663743495941162e-03 3.396511077880859375e-03
4.400000000000000000e+02 7.168271578848361969e-03 2.321343117728247307e-06 1.584739540703594685e-03 3.262188518419861794e-03
4.500000000000000000e+02 7.218348793685436249e-03 2.353590161874308251e-06 1.575726317241787910e-03 3.289032028988003731e-03
4.600000000000000000e+02 7.158652879297733307e-03 2.393958993707201444e-06 1.395424129441380501e-03 3.369269892573356628e-03
4.700000000000000000e+02 6.669389083981513977e-03 2.169448407585150562e-06 1.350780832581222057e-03 3.149159485474228859e-03
4.800000000000000000e+02 7.293740287423133850e-03 2.455969706716132350e-06 1.410930766724050045e-03 3.426839364692568779e-03
4.900000000000000000e+02 6.372739560902118683e-03 1.821704813664837275e-06 1.437759376130998135e-03 3.113275161013007164e-03
5.000000000000000000e+02 6.629123352468013763e-03 2.013139464906998910e-06 1.456044497899711132e-03 3.159939544275403023e-03
5.100000000000000000e+02 6.562824361026287079e-03 1.994598278542980552e-06 1.327256672084331512e-03 3.240969497710466385e-03
5.200000000000000000e+02 6.547104567289352417e-03 2.007123157454770990e-06 1.380579895339906216e-03 3.159401472657918930e-03
5.300000000000000000e+02 6.765773519873619080e-03 1.906438910737051629e-06 1.341661554761230946e-03 3.517673118039965630e-03
5.400000000000000000e+02 6.675651296973228455e-03 1.574920247549016494e-06 1.351044280454516411e-03 3.749686758965253830e-03
5.500000000000000000e+02 6.033034995198249817e-03 1.368461880701943301e-06 1.388138043694198132e-03 3.276435192674398422e-03
5.600000000000000000e+02 6.410352420061826706e-03 1.597265054442686960e-06 1.232056645676493645e-03 3.581030759960412979e-03
5.700000000000000000e+02 5.734005011618137360e-03 1.297941025768523104e-06 1.190908136777579784e-03 3.245156025514006615e-03
5.800000000000000000e+02 5.852935835719108582e-03 1.303720750911452342e-06 1.242420403286814690e-03 3.306794678792357445e-03
5.900000000000000000e+02 6.254031788557767868e-03 1.485607754148077220e-06 1.308743958361446857e-03 3.459680126979947090e-03
6.000000000000000000e+02 6.074515171349048615e-03 1.378255205963796470e-06 1.226534019224345684e-03 3.469725837931036949e-03
6.100000000000000000e+02 5.626488476991653442e-03 1.476821694268437568e-06 1.197913428768515587e-03 2.951753092929720879e-03
6.200000000000000000e+02 5.411045625805854797e-03 1.445860107196494937e-06 1.058425055816769600e-03 2.906760666519403458e-03
6.300000000000000000e+02 6.360664032399654388e-03 1.915918346639955416e-06 1.173637458123266697e-03 3.271108493208885193e-03
6.400000000000000000e+02 5.711879581212997437e-03 1.611311631677381229e-06 1.060902373865246773e-03 3.039665753021836281e-03
6.500000000000000000e+02 5.155174992978572845e-03 1.553071797388838604e-06 9.575935546308755875e-04 2.644509775564074516e-03
6.600000000000000000e+02 5.721748806536197662e-03 1.801360099307203200e-06 9.695832268334925175e-04 2.950805472210049629e-03
6.700000000000000000e+02 5.360248032957315445e-03 1.720777163427555934e-06 9.075907873921096325e-04 2.731880173087120056e-03
6.800000000000000000e+02 5.263054743409156799e-03 1.475600015510281082e-06 9.291654569096863270e-04 2.858289284631609917e-03
6.900000000000000000e+02 5.291038192808628082e-03 1.659630129324796144e-06 8.804162498563528061e-04 2.750992076471447945e-03
7.000000000000000000e+02 5.262339022010564804e-03 1.559758288749435451e-06 9.447549236938357353e-04 2.757825888693332672e-03
7.100000000000000000e+02 5.581887438893318176e-03 1.659357394601101987e-06 9.709589648991823196e-04 2.951571252197027206e-03
7.200000000000000000e+02 5.231045186519622803e-03 1.604294652679527644e-06 9.067842620424926281e-04 2.719966229051351547e-03
7.300000000000000000e+02 5.388300865888595581e-03 1.661599299040972255e-06 8.936135563999414444e-04 2.833087928593158722e-03
7.400000000000000000e+02 4.964378196746110916e-03 1.429655185347655788e-06 8.341167122125625610e-04 2.700606361031532288e-03
7.500000000000000000e+02 5.182968452572822571e-03 1.636563979445782024e-06 8.543704170733690262e-04 2.692034002393484116e-03
7.600000000000000000e+02 4.870363511145114899e-03 1.416939880982681643e-06 7.949043065309524536e-04 2.658519195392727852e-03
7.700000000000000000e+02 5.120646674185991287e-03 1.613890162843745202e-06 7.403538911603391171e-04 2.766402671113610268e-03
7.800000000000000000e+02 4.797668661922216415e-03 1.382028585794614628e-06 7.759131258353590965e-04 2.639726968482136726e-03
7.900000000000000000e+02 4.634942859411239624e-03 1.294767230319848750e-06 6.570523255504667759e-04 2.683123340830206871e-03
8.000000000000000000e+02 4.393354058265686035e-03 1.244160102942259982e-06 6.528480444103479385e-04 2.496345667168498039e-03
8.100000000000000000e+02 4.390703048557043076e-03 1.241036443389020860e-06 6.429901113733649254e-04 2.506676362827420235e-03
8.200000000000000000e+02 4.596730694174766541e-03 1.397716346218658146e-06 6.372156203724443913e-04 2.561798784881830215e-03
8.300000000000000000e+02 4.480173811316490173e-03 1.312179847445804626e-06 6.370801711454987526e-04 2.530914032831788063e-03
8.400000000000000000e+02 4.505176097154617310e-03 1.326088181485829409e-06 6.674800533801317215e-04 2.511607715860009193e-03
8.500000000000000000e+02 4.902618937194347382e-03 1.547583451610989869e-06 6.209340062923729420e-04 2.734101610258221626e-03
8.600000000000000000e+02 4.896249622106552124e-03 1.512212406851176638e-06 7.121579255908727646e-04 2.671879017725586891e-03
8.700000000000000000e+02 4.827329888939857483e-03 1.406527189828921109e-06 6.637906190007925034e-04 2.757011912763118744e-03
8.800000000000000000e+02 4.278644919395446777e-03 1.149569925473770127e-06 6.495954585261642933e-04 2.479479415342211723e-03
8.900000000000000000e+02 4.011332988739013672e-03 1.018626335280714557e-06 6.307784351520240307e-04 2.361928112804889679e-03
9.000000000000000000e+02 3.831588895991444588e-03 8.592234621573879849e-07 6.084307678975164890e-04 2.363934647291898727e-03
9.100000000000000000e+02 4.104617983102798462e-03 1.017140334624855313e-06 6.709435838274657726e-04 2.416534349322319031e-03
9.200000000000000000e+02 4.002030007541179657e-03 1.085896087715809699e-06 6.531279650516808033e-04 2.263006055727601051e-03
9.300000000000000000e+02 3.999470733106136322e-03 1.152537606685655192e-06 6.022978341206908226e-04 2.244635252282023430e-03
9.400000000000000000e+02 3.876226721331477165e-03 1.102679561881814152e-06 5.657732253894209862e-04 2.207773970440030098e-03
9.500000000000000000e+02 3.656927263364195824e-03 9.015103614729014225e-07 5.789056303910911083e-04 2.176511334255337715e-03
9.600000000000000000e+02 4.021551925688982010e-03 1.292875481340161059e-06 5.677704466506838799e-04 2.160906093195080757e-03
9.700000000000000000e+02 3.751115873456001282e-03 1.000629140435194131e-06 5.967306788079440594e-04 2.153756096959114075e-03
9.800000000000000000e+02 4.017217084765434265e-03 1.135977640842611436e-06 5.997139378450810909e-04 2.281525172293186188e-03
9.900000000000000000e+02 3.480528714135289192e-03 6.711374567203165498e-07 6.172534194774925709e-04 2.192137762904167175e-03
