0.000000000000000000e+00 6.653712749481201172e+00 3.038667375221848488e-03 8.167492151260375977e-01 2.798295974731445312e+00
1.000000000000000000e+01 6.244070053100585938e+00 2.629456343129277229e-03 8.165850639343261719e-01 2.798028945922851562e+00
2.000000000000000000e+01 6.380542755126953125e+00 2.765952376648783684e-03 8.165827989578247070e-01 2.798007726669311523e+00
3.000000000000000000e+01 6.350284576416015625e+00 2.747048856690526009e-03 8.115890026092529297e-01 2.791646718978881836e+00
4.000000000000000000e+01 6.435509681701660156e+00 2.651708899065852165e-03 9.414010047912597656e-01 2.842399835586547852e+00
5.000000000000000000e+01 6.521996498107910156e+00 2.750999527052044868e-03 9.318749904632568359e-01 2.839121818542480469e+00
6.000000000000000000e+01 4.722048282623291016e+00 2.646088134497404099e-03 5.524873733520507812e-01 1.523472785949707031e+00
7.000000000000000000e+01 4.585001945495605469e+00 2.652435330674052238e-03 5.003581643104553223e-01 1.432208299636840820e+00
8.000000000000000000e+01 4.389759540557861328e+00 2.299719257280230522e-03 6.137904524803161621e-01 1.476249814033508301e+00
9.000000000000000000e+01 2.924624919891357422e+00 2.549173776060342789e-03 8.080369979143142700e-02 2.946475744247436523e-01
1.000000000000000000e+02 1.303866386413574219e+00 1.218443620018661022e-03 2.215711772441864014e-02 6.326565146446228027e-02
1.100000000000000000e+02 7.885053008794784546e-02 2.935935663117561489e-05 6.779817398637533188e-03 4.271135479211807251e-02
1.200000000000000000e+02 4.691058024764060974e-02 1.348067144135711715e-05 2.116810646839439869e-04 3.321822732686996460e-02
1.300000000000000000e+02 4.287320747971534729e-02 1.246448027814039961e-05 3.624192904680967331e-04 3.004630841314792633e-02
1.400000000000000000e+02 4.105744138360023499e-02 1.032478394336067140e-05 8.048751042224466801e-04 2.992778271436691284e-02
1.500000000000000000e+02 3.728415071964263916e-02 1.146903923654463142e-05 1.088999910280108452e-03 2.472610957920551300e-02
1.600000000000000000e+02 3.732436895370483398e-02 1.070228881872026250e-05 1.146160182543098927e-03 2.547591924667358398e-02
1.700000000000000000e+02 3.601206466555595398e-02 1.003558918455382809e-05 1.217442448250949383e-03 2.475903183221817017e-02
1.800000000000000000e+02 3.640674054622650146e-02 1.101049929275177419e-05 1.070920261554419994e-03 2.432531863451004028e-02
1.900000000000000000e+02 3.497474268078804016e-02 1.143417284765746444e-05 1.101286732591688633e-03 2.243928238749504089e-02
2.000000000000000000e+02 3.253939375281333923e-02 9.752299774845596403e-06 2.162000862881541252e-03 2.062509208917617798e-02
2.100000000000000000e+02 3.504352644085884094e-02 1.000526299321791157e-05 1.506444765254855156e-03 2.353181876242160797e-02
2.200000000000000000e+02 2.966536208987236023e-02 9.346008482680190355e-06 2.025309717282652855e-03 1.829404383897781372e-02
2.300000000000000000e+02 2.786731719970703125e-02 9.620978744351305068e-06 2.675820607692003250e-03 1.557051856070756912e-02
2.400000000000000000e+02 2.944169007241725922e-02 9.560291800880804658e-06 3.007848514243960381e-03 1.687354966998100281e-02
2.500000000000000000e+02 2.476837858557701111e-02 8.544836418877821416e-06 2.576756989583373070e-03 1.364678423851728439e-02
2.600000000000000000e+02 2.458200231194496155e-02 7.396920409519225359e-06 2.053708536550402641e-03 1.513137295842170715e-02
2.700000000000000000e+02 2.353090792894363403e-02 7.088849542924435809e-06 2.264920156449079514e-03 1.417713798582553864e-02
2.800000000000000000e+02 2.571453899145126343e-02 8.387877642235253006e-06 2.021437976509332657e-03 1.530522201210260391e-02
2.900000000000000000e+02 2.219497412443161011e-02 7.897597242845222354e-06 2.528907032683491707e-03 1.176847144961357117e-02
3.000000000000000000e+02 1.848979853093624115e-02 7.441633897542487830e-06 2.654588548466563225e-03 8.393576368689537048e-03
3.100000000000000000e+02 2.083015814423561096e-02 1.029621580528328195e-05 2.569989301264286041e-03 7.963951677083969116e-03
3.200000000000000000e+02 1.773849129676818848e-02 8.149888344632927328e-06 3.243643557652831078e-03 6.344959139823913574e-03
3.300000000000000000e+02 2.243326231837272644e-02 1.220629201270639896e-05 2.840600209310650826e-03 7.386369630694389343e-03
3.400000000000000000e+02 1.914282329380512238e-02 9.842935469350777566e-06 3.468050155788660049e-03 5.831837654113769531e-03
3.500000000000000000e+02 2.261097729206085205e-02 1.262138994206907228e-05 3.657362191006541252e-03 6.332227028906345367e-03
3.600000000000000000e+02 2.189132198691368103e-02 1.171643452835269272e-05 3.836947726085782051e-03 6.337939295917749405e-03
3.700000000000000000e+02 3.299591690301895142e-02 2.190500890719704330e-05 4.125498700886964798e-03 6.965411826968193054e-03
3.800000000000000000e+02 3.180005401372909546e-02 2.053871685347985476e-05 4.234492778778076172e-03 7.026844192296266556e-03
3.900000000000000000e+02 3.225026279687881470e-02 2.123765989381354302e-05 4.472492728382349014e-03 6.540108937770128250e-03
4.000000000000000000e+02 3.157056868076324463e-02 2.055501136055681854e-05 3.899684641510248184e-03 7.115873042494058609e-03
4.100000000000000000e+02 3.430490940809249878e-02 2.327832953596953303e-05 3.918132744729518890e-03 7.108448073267936707e-03
4.200000000000000000e+02 3.597610816359519958e-02 2.494441650924272835e-05 3.954629879444837570e-03 7.077060174196958542e-03
4.300000000000000000e+02 3.664952516555786133e-02 2.558305823185946792e-05 3.929505124688148499e-03 7.136962376534938812e-03
4.400000000000000000e+02 3.268219158053398132e-02 2.165477417293004692e-05 3.816284472122788429e-03 7.211133372038602829e-03
4.500000000000000000e+02 3.312752768397331238e-02 2.185362791351508349e-05 3.925653174519538879e-03 7.348245475441217422e-03
4.600000000000000000e+02 2.889913879334926605e-02 1.790334317774977535e-05 3.822823753580451012e-03 7.172971963882446289e-03
4.700000000000000000e+02 3.488133475184440613e-02 2.372963172092568129e-05 3.546088701114058495e-03 7.605613674968481064e-03
4.800000000000000000e+02 3.436927124857902527e-02 2.311504977114964277e-05 3.715304424986243248e-03 7.538915146142244339e-03
4.900000000000000000e+02 3.513339161872863770e-02 2.382690763624850661e-05 3.742425935342907906e-03 7.564058527350425720e-03
5.000000000000000000e+02 3.082044608891010284e-02 1.940921902132686228e-05 3.970874939113855362e-03 7.440352812409400940e-03
5.100000000000000000e+02 3.399152308702468872e-02 2.255429717479273677e-05 3.942578565329313278e-03 7.494645658880472183e-03
5.200000000000000000e+02 3.859602659940719604e-02 2.703037171158939600e-05 3.960215020924806595e-03 7.605440448969602585e-03
5.300000000000000000e+02 3.568761423230171204e-02 2.407222200417891145e-05 3.958587534725666046e-03 7.656805682927370071e-03
5.400000000000000000e+02 3.767341002821922302e-02 2.593466160760726780e-05 3.868918400257825851e-03 7.869831286370754242e-03
5.500000000000000000e+02 3.737131506204605103e-02 2.564019450801424682e-05 3.918914590030908585e-03 7.812206167727708817e-03
5.600000000000000000e+02 3.902332112193107605e-02 2.726220918702892959e-05 3.916282206773757935e-03 7.844829931855201721e-03
5.700000000000000000e+02 4.024425148963928223e-02 2.849368320312350988e-05 3.963308874517679214e-03 7.787259295582771301e-03
5.800000000000000000e+02 3.995425999164581299e-02 2.816779306158423424e-05 3.936683293431997299e-03 7.849781773984432220e-03
5.900000000000000000e+02 4.134645313024520874e-02 2.892814700317103416e-05 4.206034354865550995e-03 8.212272077798843384e-03
6.000000000000000000e+02 3.722834959626197815e-02 2.471225161571055651e-05 3.955854568630456924e-03 8.560243062674999237e-03
6.100000000000000000e+02 4.081147164106369019e-02 2.834231781889684498e-05 3.976962994784116745e-03 8.492189459502696991e-03
6.200000000000000000e+02 4.477831721305847168e-02 3.228091372875496745e-05 4.549515899270772934e-03 7.947886362671852112e-03
6.300000000000000000e+02 3.708095848560333252e-02 2.444798519718460739e-05 4.440409131348133087e-03 8.192565292119979858e-03
6.400000000000000000e+02 4.061265662312507629e-02 2.720829070312902331e-05 4.826955962926149368e-03 8.577410131692886353e-03
6.500000000000000000e+02 3.934892639517784119e-02 2.597378261270932853e-05 4.806493408977985382e-03 8.568651042878627777e-03
6.600000000000000000e+02 4.807495325803756714e-02 3.469980947556905448e-05 4.806493408977985382e-03 8.568651042878627777e-03
6.700000000000000000e+02 4.286702722311019897e-02 2.900551771745085716e-05 4.660924430936574936e-03 9.200582280755043030e-03
6.800000000000000000e+02 4.176890850067138672e-02 2.770816718111746013e-05 5.007469095289707184e-03 9.053271263837814331e-03
6.900000000000000000e+02 4.539881274104118347e-02 3.124523209407925606e-05 4.967942368239164352e-03 9.185637347400188446e-03
7.000000000000000000e+02 4.393298923969268799e-02 2.928522008005529642e-05 4.916445352137088776e-03 9.731320664286613464e-03
7.100000000000000000e+02 4.359164834022521973e-02 2.881493492168374360e-05 5.104049574583768845e-03 9.672665037214756012e-03
7.200000000000000000e+02 4.327085986733436584e-02 2.848688563972245902e-05 5.062842741608619690e-03 9.721132926642894745e-03
7.300000000000000000e+02 4.551351815462112427e-02 3.069603553740307689e-05 5.096076056361198425e-03 9.721404872834682465e-03
7.400000000000000000e+02 4.247764125466346741e-02 2.768936792563181370e-05 5.189212504774332047e-03 9.599060751497745514e-03
7.500000000000000000e+02 4.934588447213172913e-02 3.513173578539863229e-05 4.807551857084035873e-03 9.406597353518009186e-03
7.600000000000000000e+02 4.614112898707389832e-02 3.229123467463068664e-05 3.858611686155200005e-03 9.991285391151905060e-03
7.700000000000000000e+02 4.191321507096290588e-02 2.816344385792035609e-05 4.066815134137868881e-03 9.682956151664257050e-03
7.800000000000000000e+02 4.952378571033477783e-02 3.566659870557487011e-05 4.332769662141799927e-03 9.524416178464889526e-03
7.900000000000000000e+02 4.867955669760704041e-02 3.486100831651128829e-05 4.332855343818664551e-03 9.485690854489803314e-03
8.000000000000000000e+02 4.509437084197998047e-02 3.103124254266731441e-05 4.394762217998504639e-03 9.668364189565181732e-03
8.100000000000000000e+02 5.068416148424148560e-02 3.656709668575786054e-05 4.464516416192054749e-03 9.652549400925636292e-03
8.200000000000000000e+02 4.949361830949783325e-02 3.513520641718059778e-05 4.587302450090646744e-03 9.771106764674186707e-03
8.300000000000000000e+02 4.699390381574630737e-02 3.216842014808207750e-05 5.091370549052953720e-03 9.734111838042736053e-03
8.400000000000000000e+02 5.117067322134971619e-02 3.636243491200730205e-05 4.998743534088134766e-03 9.809493087232112885e-03
8.500000000000000000e+02 5.695310607552528381e-02 4.216739398543722928e-05 4.917392041534185410e-03 9.868320077657699585e-03
8.600000000000000000e+02 5.717558413743972778e-02 4.234736115904524922e-05 4.794119391590356827e-03 1.003410480916500092e-02
8.700000000000000000e+02 5.422303825616836548e-02 3.889402432832866907e-05 4.481716081500053406e-03 1.084730122238397598e-02
8.800000000000000000e+02 6.295570731163024902e-02 4.616502701537683606e-05 4.805816337466239929e-03 1.198486052453517914e-02
8.900000000000000000e+02 6.573075801134109497e-02 4.885835369350388646e-05 5.117729771882295609e-03 1.175467856228351593e-02
9.000000000000000000e+02 7.360182702541351318e-02 5.668317680829204619e-05 5.151438526809215546e-03 1.176720857620239258e-02
9.100000000000000000e+02 7.336675375699996948e-02 5.635376146528869867e-05 5.174971651285886765e-03 1.183801796287298203e-02
9.200000000000000000e+02 6.891536712646484375e-02 5.140132998349145055e-05 5.341866984963417053e-03 1.217216998338699341e-02
9.300000000000000000e+02 8.476770669221878052e-02 6.725171988364309072e-05 5.342435091733932495e-03 1.217355765402317047e-02
9.400000000000000000e+02 7.532725483179092407e-02 5.735577724408358335e-05 5.294489674270153046e-03 1.267699338495731354e-02
9.500000000000000000e+02 8.639396727085113525e-02 6.832095095887780190e-05 5.265365820378065109e-03 1.280765607953071594e-02
9.600000000000000000e+02 7.707083970308303833e-02 5.924429569859057665e-05 5.275298375636339188e-03 1.255123876035213470e-02
9.700000000000000000e+02 8.342817425727844238e-02 6.535372085636481643e-05 5.182388238608837128e-03 1.289206370711326599e-02
9.800000000000000000e+02 7.659990340471267700e-02 5.704373324988409877e-05 5.072787404060363770e-03 1.448338013142347336e-02
9.900000000000000000e+02 8.380706608295440674e-02 6.345687870634719729e-05 4.983252380043268204e-03 1.536693237721920013e-02
