0.000000000000000000e+00 6.035146713256835938e+00 2.557324012741446495e-03 1.736621737480163574e+00 1.741200685501098633e+00
1.000000000000000000e+01 4.607967853546142578e+00 2.642902545630931854e-03 5.224766731262207031e-01 1.442588448524475098e+00
2.000000000000000000e+01 4.567731857299804688e+00 2.633203985169529915e-03 5.010878443717956543e-01 1.433440208435058594e+00
3.000000000000000000e+01 4.629879951477050781e+00 2.698167227208614349e-03 4.999564886093139648e-01 1.431755781173706055e+00
4.000000000000000000e+01 4.580279350280761719e+00 2.648566616699099541e-03 4.999564886093139648e-01 1.431755781173706055e+00
5.000000000000000000e+01 1.789805156250000000e+05 1.789785766601562500e+02 4.999564886093139648e-01 1.431755781173706055e+00
6.000000000000000000e+01 1.116761562500000000e+05 1.116742248535156250e+02 4.999114274978637695e-01 1.431753993034362793e+00
7.000000000000000000e+01 4.513020515441894531e+00 2.581497188657522202e-03 4.997694790363311768e-01 1.431754112243652344e+00
8.000000000000000000e+01 2.617716073989868164e+00 2.394822426140308380e-03 8.776570111513137817e-02 1.351280957460403442e-01
9.000000000000000000e+01 1.175229027867317200e-01 3.566444138414226472e-05 3.334635868668556213e-02 4.851210117340087891e-02
1.000000000000000000e+02 5.357167869806289673e-02 1.371611779177328572e-05 2.566372742876410484e-03 3.728919103741645813e-02
1.100000000000000000e+02 4.400063678622245789e-02 9.211227734340354800e-06 7.407038938254117966e-04 3.404870629310607910e-02
1.200000000000000000e+02 4.306578636169433594e-02 7.910492968221660703e-06 3.684273688122630119e-04 3.478686511516571045e-02
1.300000000000000000e+02 4.238724708557128906e-02 7.729652679699938744e-06 5.481673288159072399e-04 3.410942479968070984e-02
1.400000000000000000e+02 4.064874351024627686e-02 7.490767075069015846e-06 9.062610333785414696e-04 3.225171566009521484e-02
1.500000000000000000e+02 4.003927111625671387e-02 7.747712515993043780e-06 9.699073270894587040e-04 3.132165223360061646e-02
1.600000000000000000e+02 3.809544071555137634e-02 7.597773219458758831e-06 1.097419764846563339e-03 2.940024808049201965e-02
1.700000000000000000e+02 3.895907476544380188e-02 9.185706403513904661e-06 8.147990447469055653e-04 2.895856834948062897e-02
1.800000000000000000e+02 3.784840181469917297e-02 9.474847502133343369e-06 1.021780190058052540e-03 2.735177427530288696e-02
1.900000000000000000e+02 3.692332655191421509e-02 1.032177442539250478e-05 1.138079562224447727e-03 2.546347118914127350e-02
2.000000000000000000e+02 3.713020682334899902e-02 8.896259714674670249e-06 1.255472656339406967e-03 2.697847411036491394e-02
2.100000000000000000e+02 3.578447923064231873e-02 9.637746188673190773e-06 1.425911206752061844e-03 2.472082152962684631e-02
2.200000000000000000e+02 3.695018962025642395e-02 9.662300726631656289e-06 1.340301008895039558e-03 2.594758942723274231e-02
2.300000000000000000e+02 3.627419099211692810e-02 1.022815922624431551e-05 1.349700149148702621e-03 2.469633147120475769e-02
2.400000000000000000e+02 3.497264534235000610e-02 1.100130248232744634e-05 1.531139947474002838e-03 2.244020067155361176e-02
2.500000000000000000e+02 3.266352042555809021e-02 9.140723705058917403e-06 1.303580123931169510e-03 2.221921645104885101e-02
2.600000000000000000e+02 3.112198784947395325e-02 1.056036217050859705e-05 1.067728502675890923e-03 1.949389651417732239e-02
2.700000000000000000e+02 2.766442671418190002e-02 1.096876530937151983e-05 7.552871829830110073e-04 1.594037562608718872e-02
2.800000000000000000e+02 2.332741208374500275e-02 9.887407941278070211e-06 1.215205993503332138e-03 1.222479902207851410e-02
2.900000000000000000e+02 3.111746907234191895e-02 2.038467573584057391e-05 1.434614416211843491e-03 9.298179298639297485e-03
3.000000000000000000e+02 2.010637708008289337e-02 1.083840652427170426e-05 2.244608011096715927e-03 7.023361977189779282e-03
3.100000000000000000e+02 2.031450904905796051e-02 1.281582808587700129e-05 2.947474364191293716e-03 4.551205784082412720e-03
3.200000000000000000e+02 1.496597286313772202e-02 7.774793630233034492e-06 2.058455953374505043e-03 5.132723599672317505e-03
3.300000000000000000e+02 1.415463909506797791e-02 7.242158517328789458e-06 2.427325816825032234e-03 4.485154990106821060e-03
3.400000000000000000e+02 1.286658644676208496e-02 5.699692337657324970e-06 2.043199958279728889e-03 5.123693961650133133e-03
3.500000000000000000e+02 1.184921525418758392e-02 4.066627298016101122e-06 2.477569738402962685e-03 5.305017810314893723e-03
3.600000000000000000e+02 1.009656302630901337e-02 2.671125457709422335e-06 1.959339017048478127e-03 5.466098897159099579e-03
3.700000000000000000e+02 9.653168730437755585e-03 3.019210907950764522e-06 1.818322809413075447e-03 4.815635271370410919e-03
3.800000000000000000e+02 9.685177356004714966e-03 3.166283022437710315e-06 1.729252515360713005e-03 4.789641592651605606e-03
3.900000000000000000e+02 9.778390638530254364e-03 3.626093985076295212e-06 1.779348356649279594e-03 4.372948314994573593e-03
4.000000000000000000e+02 9.293977171182632446e-03 3.204716449545230716e-06 2.043768763542175293e-03 4.045492038130760193e-03
4.100000000000000000e+02 8.937643840909004211e-03 3.128600155832828023e-06 2.010943135246634483e-03 3.798100631684064865e-03
4.200000000000000000e+02 8.656840771436691284e-03 3.043520337087102234e-06 1.954366220161318779e-03 3.658954519778490067e-03
4.300000000000000000e+02 8.333247154951095581e-03 2.811571221172926016e-06 1.835024682804942131e-03 3.686651354655623436e-03
4.400000000000000000e+02 8.216107264161109924e-03 2.940865215350640938e-06 1.724675646983087063e-03 3.550565801560878754e-03
4.500000000000000000e+02 8.104685693979263306e-03 2.727955688897054642e-06 1.507827197201550007e-03 3.868902567774057388e-03
4.600000000000000000e+02 7.785323075950145721e-03 2.982129444717429578e-06 1.372701022773981094e-03 3.430492943152785301e-03
4.700000000000000000e+02 7.242238614708185196e-03 2.502995357644977048e-06 1.363083021715283394e-03 3.376160282641649246e-03
4.800000000000000000e+02 6.862292997539043427e-03 2.175505869672633708e-06 1.151375356130301952e-03 3.535411553457379341e-03
4.900000000000000000e+02 7.499305531382560730e-03 2.617678774186060764e-06 1.256452058441936970e-03 3.625174518674612045e-03
5.000000000000000000e+02 7.480027154088020325e-03 2.525510353734716773e-06 1.356686465442180634e-03 3.597830189391970634e-03
5.100000000000000000e+02 6.938540376722812653e-03 2.412718458799645305e-06 1.437917933799326420e-03 3.087903605774044991e-03
5.200000000000000000e+02 6.629451643675565720e-03 2.827053322107531130e-06 8.986379834823310375e-04 2.903760178014636040e-03
5.300000000000000000e+02 5.952787119895219803e-03 2.053562184300972149e-06 9.015123359858989716e-04 2.997712697833776474e-03
5.400000000000000000e+02 6.206264719367027283e-03 2.255155777675099671e-06 9.733038605190813541e-04 2.977805212140083313e-03
5.500000000000000000e+02 6.094601005315780640e-03 2.490081897121854126e-06 8.676166180521249771e-04 2.736902795732021332e-03
5.600000000000000000e+02 6.055244244635105133e-03 2.298974777659168467e-06 8.242678595706820488e-04 2.932001836597919464e-03
5.700000000000000000e+02 5.911993328481912613e-03 2.415803237454383634e-06 6.900844164192676544e-04 2.806105650961399078e-03
5.800000000000000000e+02 5.878994241356849670e-03 2.699439619391341694e-06 6.455663824453949928e-04 2.533988328650593758e-03
5.900000000000000000e+02 5.774243734776973724e-03 2.138181571353925392e-06 7.862959755584597588e-04 2.849765820428729057e-03
6.000000000000000000e+02 5.868582054972648621e-03 2.232520273537375033e-06 7.862959755584597588e-04 2.849765820428729057e-03
6.100000000000000000e+02 5.928716622292995453e-03 2.292654471602872945e-06 7.862959755584597588e-04 2.849765820428729057e-03
6.200000000000000000e+02 5.899358540773391724e-03 2.263296437376993708e-06 7.862959755584597588e-04 2.849765820428729057e-03
6.300000000000000000e+02 5.589439533650875092e-03 1.949332499862066470e-06 8.232409600168466568e-04 2.816866151988506317e-03
6.400000000000000000e+02 5.309227388352155685e-03 2.020362899202154949e-06 6.584851653315126896e-04 2.630379283800721169e-03
6.500000000000000000e+02 5.206677131354808807e-03 1.992902298297849484e-06 7.148970034904778004e-04 2.498877933248877525e-03
6.600000000000000000e+02 4.739491268992424011e-03 1.918036559800384566e-06 5.909701576456427574e-04 2.230484504252672195e-03
6.700000000000000000e+02 4.472201690077781677e-03 1.816494318518380169e-06 5.547841428779065609e-04 2.100923564285039902e-03
6.800000000000000000e+02 4.174654372036457062e-03 1.598076096342992969e-06 5.130943609401583672e-04 2.063483698293566704e-03
6.900000000000000000e+02 3.964638337492942810e-03 1.472904273214226123e-06 4.641419218387454748e-04 2.027592388913035393e-03
7.000000000000000000e+02 3.879511496052145958e-03 1.417288672200811561e-06 4.719957942143082619e-04 1.990227028727531433e-03
7.100000000000000000e+02 3.840992692857980728e-03 1.298907022828643676e-06 4.786263161804527044e-04 2.063459251075983047e-03
7.200000000000000000e+02 3.658098867163062096e-03 1.170869154520914890e-06 4.389585519675165415e-04 2.048271242529153824e-03
7.300000000000000000e+02 3.593210596591234207e-03 1.128396661442820914e-06 4.268111661076545715e-04 2.038002712652087212e-03
7.400000000000000000e+02 3.588955383747816086e-03 1.143185272667324170e-06 4.516741901170462370e-04 1.994095742702484131e-03
7.500000000000000000e+02 3.512367606163024902e-03 1.153080233962100465e-06 4.487336555030196905e-04 1.910553546622395515e-03
7.600000000000000000e+02 3.319966141134500504e-03 1.054257154464721680e-06 4.294006212148815393e-04 1.836308394558727741e-03
7.700000000000000000e+02 3.320740535855293274e-03 1.156317125605710316e-06 4.082212108187377453e-04 1.756202080287039280e-03
7.800000000000000000e+02 3.518954617902636528e-03 1.306201852457888890e-06 4.194523498881608248e-04 1.793300500139594078e-03
7.900000000000000000e+02 3.404108341783285141e-03 1.276910438718914520e-06 4.141315876040607691e-04 1.713066361844539642e-03
8.000000000000000000e+02 3.061599098145961761e-03 1.139755681833776180e-06 4.314839898142963648e-04 1.490359310992062092e-03
8.100000000000000000e+02 3.126250812783837318e-03 1.102542341868684161e-06 3.993174177594482899e-04 1.624390948563814163e-03
8.200000000000000000e+02 3.046755213290452957e-03 1.209815536640235223e-06 3.883423632942140102e-04 1.448597409762442112e-03
8.300000000000000000e+02 3.050979226827621460e-03 1.066319441633822862e-06 3.877588023897260427e-04 1.596900867298245430e-03
8.400000000000000000e+02 3.151548095047473907e-03 1.095997845368401613e-06 3.614058368839323521e-04 1.694144564680755138e-03
8.500000000000000000e+02 3.000001423060894012e-03 1.260192561858275440e-06 3.623725788202136755e-04 1.377436215989291668e-03
8.600000000000000000e+02 2.962736180052161217e-03 1.085561279978719540e-06 3.517549193929880857e-04 1.525419997051358223e-03
8.700000000000000000e+02 2.945429179817438126e-03 1.084981818166852463e-06 3.475244739092886448e-04 1.512922812253236771e-03
8.800000000000000000e+02 3.074787324294447899e-03 1.160283318313304335e-06 3.337226517032831907e-04 1.580781303346157074e-03
8.900000000000000000e+02 3.136361949145793915e-03 1.258090151168289594e-06 3.529298992361873388e-04 1.525341882370412350e-03
9.000000000000000000e+02 2.926972229033708572e-03 1.032544105328270234e-06 3.506042412482202053e-04 1.543823978863656521e-03
9.100000000000000000e+02 2.957131946459412575e-03 1.045801468535501044e-06 3.396698739379644394e-04 1.571660628542304039e-03
9.200000000000000000e+02 3.144904738292098045e-03 1.168254925687506329e-06 3.403534065000712872e-04 1.636296510696411133e-03
9.300000000000000000e+02 2.830828540027141571e-03 9.701599310574238189e-07 3.165621310472488403e-04 1.544106402434408665e-03
9.400000000000000000e+02 2.928464906290173531e-03 1.089935494746896438e-06 3.143279172945767641e-04 1.524201477877795696e-03
9.500000000000000000e+02 2.906022127717733383e-03 1.042616190716216806e-06 2.992889203596860170e-04 1.564117032103240490e-03
9.600000000000000000e+02 2.741013187915086746e-03 9.658651833888143301e-07 2.736898604780435562e-04 1.501458231359720230e-03
9.700000000000000000e+02 2.774232998490333557e-03 1.000658585326164030e-06 3.121264162473380566e-04 1.461447915062308311e-03
9.800000000000000000e+02 2.857750514522194862e-03 8.996095175461960025e-07 2.883417473640292883e-04 1.669799210503697395e-03
9.900000000000000000e+02 2.600714331492781639e-03 8.336064638569951057e-07 2.822914975695312023e-04 1.484816428273916245e-03
