0.000000000000000000e+00 5.568334579467773438e+00 2.559819025918841362e-03 5.948917865753173828e-01 2.413623571395874023e+00
1.000000000000000000e+01 1.878954291343688965e+00 1.514935516752302647e-03 1.452619880437850952e-01 2.187567502260208130e-01
2.000000000000000000e+01 7.467648386955261230e-02 3.601941716624423862e-05 1.238460652530193329e-03 3.741860389709472656e-02
3.000000000000000000e+01 4.482386261224746704e-02 7.432952770614065230e-06 6.988552049733698368e-04 3.669205307960510254e-02
4.000000000000000000e+01 4.281305894255638123e-02 7.247735993587411940e-06 7.533865282312035561e-04 3.481193631887435913e-02
5.000000000000000000e+01 4.139529168605804443e-02 6.766135811631102115e-06 5.499130347743630409e-04 3.407924249768257141e-02
6.000000000000000000e+01 4.105316847562789917e-02 6.110743925091810524e-06 3.969664103351533413e-04 3.454545885324478149e-02
7.000000000000000000e+01 4.032532870769500732e-02 7.416691460093716159e-06 4.101005324628204107e-04 3.249853476881980896e-02
8.000000000000000000e+01 3.968451917171478271e-02 8.615744263806845993e-06 4.956340999342501163e-04 3.057313896715641022e-02
9.000000000000000000e+01 3.628711029887199402e-02 9.882014637696556747e-06 1.657936722040176392e-03 2.474715933203697205e-02
1.000000000000000000e+02 3.472334519028663635e-02 9.941978532879147679e-06 1.136938924901187420e-03 2.364442870020866394e-02
1.100000000000000000e+02 3.431728482246398926e-02 9.256415069103240967e-06 1.281313947401940823e-03 2.377955615520477295e-02
1.200000000000000000e+02 3.155095130205154419e-02 9.410680831933859736e-06 2.816213760524988174e-03 1.932405866682529449e-02
1.300000000000000000e+02 2.809392660856246948e-02 8.994446943688672036e-06 2.071273513138294220e-03 1.702820695936679840e-02
1.400000000000000000e+02 2.028707787394523621e-02 1.028427868732251227e-05 2.056658733636140823e-03 7.946141995489597321e-03
1.500000000000000000e+02 1.547473762184381485e-02 7.553322575404308736e-06 1.656261039897799492e-03 6.265154108405113220e-03
1.600000000000000000e+02 1.502137817442417145e-02 7.055157766444608569e-06 2.638280158862471581e-03 5.327940452843904495e-03
1.700000000000000000e+02 1.358667947351932526e-02 6.626496997341746464e-06 2.109942026436328888e-03 4.850240889936685562e-03
1.800000000000000000e+02 1.188929565250873566e-02 5.250455160421552137e-06 1.509290188550949097e-03 5.129550583660602570e-03
1.900000000000000000e+02 1.149535551667213440e-02 5.092213086754782125e-06 1.279425225220620632e-03 5.123717244714498520e-03
2.000000000000000000e+02 1.033121906220912933e-02 4.341070507507538423e-06 1.500027137808501720e-03 4.490121267735958099e-03
2.100000000000000000e+02 9.615241549909114838e-03 4.008706582681043074e-06 1.354242092929780483e-03 4.252292681485414505e-03
2.200000000000000000e+02 1.028371602296829224e-02 4.299209649616386741e-06 1.765100983902812004e-03 4.219404887408018112e-03
2.300000000000000000e+02 9.509077295660972595e-03 3.663519919427926652e-06 1.755848992615938187e-03 4.089708905667066574e-03
2.400000000000000000e+02 9.950028732419013977e-03 4.230952981743030250e-06 1.579162082634866238e-03 4.139913246035575867e-03
2.500000000000000000e+02 9.193592704832553864e-03 3.397408818273106590e-06 1.646767137572169304e-03 4.149416461586952209e-03
2.600000000000000000e+02 8.689945563673973083e-03 3.635582743299892172e-06 1.501680351793766022e-03 3.552682930603623390e-03
2.700000000000000000e+02 8.382740430533885956e-03 3.446506752879940905e-06 1.556557603180408478e-03 3.379676025360822678e-03
2.800000000000000000e+02 9.349422529339790344e-03 3.403735490792314522e-06 1.916703768074512482e-03 4.028982948511838913e-03
2.900000000000000000e+02 8.349914103746414185e-03 3.623066731961444020e-06 1.440693391487002373e-03 3.286153776571154594e-03
3.000000000000000000e+02 7.256469223648309708e-03 3.020494204974966124e-06 1.032445812597870827e-03 3.203529398888349533e-03
3.100000000000000000e+02 7.690005935728549957e-03 3.465806230451562442e-06 1.101167174056172371e-03 3.123033093288540840e-03
3.200000000000000000e+02 7.915908470749855042e-03 3.655605496533098631e-06 1.149669871665537357e-03 3.110633231699466705e-03
3.300000000000000000e+02 7.531724870204925537e-03 3.493788653941010125e-06 1.015689107589423656e-03 3.022247226908802986e-03
3.400000000000000000e+02 7.486208342015743256e-03 3.671691729323356412e-06 9.061464807018637657e-04 2.908369991928339005e-03
3.500000000000000000e+02 7.906593382358551025e-03 3.698282853292766958e-06 1.167782116681337357e-03 3.040528623387217522e-03
3.600000000000000000e+02 7.823537103831768036e-03 3.425642717047594488e-06 9.448991040699183941e-04 3.452995326370000839e-03
3.700000000000000000e+02 6.661415565758943558e-03 3.013467221535393037e-06 9.159742039628326893e-04 2.731974236667156219e-03
3.800000000000000000e+02 6.670321337878704071e-03 2.890327778004575521e-06 9.012214140966534615e-04 2.878772094845771790e-03
3.900000000000000000e+02 6.603030953556299210e-03 2.793510020637768321e-06 9.479180444031953812e-04 2.861602930352091789e-03
4.000000000000000000e+02 6.704716477543115616e-03 2.908181159000378102e-06 9.507039212621748447e-04 2.845831448212265968e-03
4.100000000000000000e+02 7.118111941963434219e-03 2.995340537381707691e-06 9.573908755555748940e-04 3.165380563586950302e-03
4.200000000000000000e+02 7.085337303578853607e-03 2.998202262460836209e-06 9.823502041399478912e-04 3.104784525930881500e-03
4.300000000000000000e+02 6.942459382116794586e-03 2.887411483243340626e-06 9.716829517856240273e-04 3.083365038037300110e-03
4.400000000000000000e+02 6.291887257248163223e-03 2.596728108983370475e-06 1.011411193758249283e-03 2.683748025447130203e-03
4.500000000000000000e+02 6.508404389023780823e-03 2.506904820620547980e-06 9.292010217905044556e-04 3.072298364713788033e-03
4.600000000000000000e+02 6.022038403898477554e-03 2.478519945725565776e-06 9.210535790771245956e-04 2.622464904561638832e-03
4.700000000000000000e+02 6.660604383796453476e-03 2.704819053178653121e-06 9.227815316990017891e-04 3.033003769814968109e-03
4.800000000000000000e+02 6.609018892049789429e-03 2.658172434166772291e-06 9.548467351123690605e-04 2.995999762788414955e-03
4.900000000000000000e+02 6.267291028052568436e-03 2.337454588996479288e-06 9.653666056692600250e-04 2.964469837024807930e-03
5.000000000000000000e+02 6.133644375950098038e-03 2.187312702517374419e-06 9.458676795475184917e-04 3.000463824719190598e-03
5.100000000000000000e+02 6.388144567608833313e-03 2.441813194309361279e-06 9.458676795475184917e-04 3.000463824719190598e-03
5.200000000000000000e+02 6.204385776072740555e-03 2.300095275131752715e-06 9.369009640067815781e-04 2.967389533296227455e-03
5.300000000000000000e+02 5.665691103786230087e-03 2.162525333915255032e-06 8.460956742055714130e-04 2.657070057466626167e-03
5.400000000000000000e+02 5.613150075078010559e-03 2.201813913416117430e-06 8.277193992398679256e-04 2.583616413176059723e-03
5.500000000000000000e+02 6.428499706089496613e-03 2.707055500650312752e-06 8.901604451239109039e-04 2.831283723935484886e-03
5.600000000000000000e+02 6.153823342174291611e-03 2.529502125980798155e-06 9.059213916771113873e-04 2.718399744480848312e-03
5.700000000000000000e+02 6.153002381324768066e-03 2.555426817707484588e-06 7.635474321432411671e-04 2.834028098732233047e-03
5.800000000000000000e+02 5.950318649411201477e-03 2.238375373053713702e-06 8.154698298312723637e-04 2.896473510190844536e-03
5.900000000000000000e+02 5.195553414523601532e-03 1.819858994167589117e-06 6.713753682561218739e-04 2.704319311305880547e-03
6.000000000000000000e+02 5.277187563478946686e-03 1.760193185873504262e-06 7.485680980607867241e-04 2.768426435068249702e-03
6.100000000000000000e+02 5.698786117136478424e-03 2.125813807651866227e-06 8.701722836121916771e-04 2.702800324186682701e-03
6.200000000000000000e+02 4.761447664350271225e-03 1.409389597029075958e-06 8.018496446311473846e-04 2.550208475440740585e-03
6.300000000000000000e+02 5.418861284852027893e-03 1.881958496596780606e-06 8.509066537953913212e-04 2.685996238142251968e-03
6.400000000000000000e+02 5.054558161646127701e-03 1.492128603786113672e-06 8.077083621174097061e-04 2.754721324890851974e-03
6.500000000000000000e+02 4.901215899735689163e-03 1.331764906353782862e-06 8.177304989658296108e-04 2.751720603555440903e-03
6.600000000000000000e+02 5.009969230741262436e-03 1.587337123964971397e-06 8.161965524777770042e-04 2.606435678899288177e-03
6.700000000000000000e+02 5.011407658457756042e-03 1.412875349160458427e-06 8.138698176480829716e-04 2.784662181511521339e-03
6.800000000000000000e+02 5.316491238772869110e-03 1.597451728230225854e-06 8.326479583047330379e-04 2.886391244828701019e-03
6.900000000000000000e+02 4.864146932959556580e-03 1.318263343819126021e-06 7.915326859802007675e-04 2.754351124167442322e-03
7.000000000000000000e+02 4.485160112380981445e-03 1.176449359263642691e-06 7.158425287343561649e-04 2.592868404462933540e-03
7.100000000000000000e+02 4.511416889727115631e-03 1.404655449732672423e-06 6.544858915731310844e-04 2.452275715768337250e-03
7.200000000000000000e+02 4.568430129438638687e-03 1.307037223341467325e-06 6.813971558585762978e-04 2.579995896667242050e-03
7.300000000000000000e+02 4.742199555039405823e-03 1.422116270077822264e-06 6.689264555461704731e-04 2.651156857609748840e-03
7.400000000000000000e+02 4.661488346755504608e-03 1.314878318225964904e-06 7.091972511261701584e-04 2.637412631884217262e-03
7.500000000000000000e+02 4.557661712169647217e-03 1.369940264339675196e-06 6.296084611676633358e-04 2.558113308623433113e-03
7.600000000000000000e+02 5.138643085956573486e-03 1.755407652126450557e-06 6.670642178505659103e-04 2.716171089559793472e-03
7.700000000000000000e+02 4.467001184821128845e-03 1.183068206955795176e-06 6.211747531779110432e-04 2.662758342921733856e-03
7.800000000000000000e+02 4.821741022169589996e-03 1.461736360397480894e-06 6.340888794511556625e-04 2.725915517657995224e-03
7.900000000000000000e+02 4.531623329967260361e-03 1.408154616910906043e-06 5.800193757750093937e-04 2.543449401855468750e-03
8.000000000000000000e+02 4.473538603633642197e-03 1.424762899659981485e-06 5.860606324858963490e-04 2.462715143337845802e-03
8.100000000000000000e+02 4.406158812344074249e-03 1.275016870749823283e-06 6.049924995750188828e-04 2.526149153709411621e-03
8.200000000000000000e+02 4.205533303320407867e-03 1.154715846496401355e-06 6.094913696870207787e-04 2.441326156258583069e-03
8.300000000000000000e+02 4.159337375313043594e-03 1.147445345850428566e-06 6.001295405440032482e-04 2.411762485280632973e-03
8.400000000000000000e+02 4.810045473277568817e-03 1.657162556512048468e-06 5.999606219120323658e-04 2.552922349423170090e-03
8.500000000000000000e+02 4.354299046099185944e-03 1.325729385825979989e-06 5.878000520169734955e-04 2.440769458189606667e-03
8.600000000000000000e+02 3.815924748778343201e-03 9.268824783248419408e-07 4.929788992740213871e-04 2.396063413470983505e-03
8.700000000000000000e+02 3.823188599199056625e-03 1.031590386446623597e-06 5.109574995003640652e-04 2.280640648677945137e-03
8.800000000000000000e+02 4.327702336013317108e-03 1.249531919711444061e-06 5.217742291279137135e-04 2.556396182626485825e-03
8.900000000000000000e+02 3.794084768742322922e-03 1.048103854373039212e-06 4.723476013168692589e-04 2.273633144795894623e-03
9.000000000000000000e+02 3.687481163069605827e-03 9.783913128558197059e-07 4.643167485482990742e-04 2.244773088023066521e-03
9.100000000000000000e+02 3.889415878802537918e-03 1.153087964667065535e-06 4.649964685086160898e-04 2.271331613883376122e-03
9.200000000000000000e+02 3.756440244615077972e-03 1.022062633637688123e-06 4.653928044717758894e-04 2.268984680995345116e-03
9.300000000000000000e+02 3.952856175601482391e-03 1.173381406260887161e-06 4.865964001510292292e-04 2.292878227308392525e-03
9.400000000000000000e+02 3.701337613165378571e-03 1.014279405353590846e-06 4.665303567890077829e-04 2.220527734607458115e-03
9.500000000000000000e+02 4.248566459864377975e-03 1.432289650438178796e-06 5.355220055207610130e-04 2.280754968523979187e-03
9.600000000000000000e+02 3.886448685079813004e-03 1.138422021540463902e-06 4.845700750593096018e-04 2.263456583023071289e-03
9.700000000000000000e+02 4.094960633665323257e-03 1.344233055533550214e-06 4.940293147228658199e-04 2.256698207929730415e-03
9.800000000000000000e+02 3.519195364788174629e-03 9.125262749876128510e-07 4.302048182580620050e-04 2.176464302465319633e-03
9.900000000000000000e+02 3.757204394787549973e-03 1.062230239767814055e-06 4.961197264492511749e-04 2.198854461312294006e-03
