0.000000000000000000e+00 2.297532558441162109e+00 5.911200059927068651e-05 1.808393120765686035e+00 4.685009121894836426e-01 2.063848264515399933e-02
1.000000000000000000e+01 3.628442808985710144e-02 1.387244410580024123e-04 2.163168415427207947e-02 1.189133431762456894e-02 2.761408686637878418e-03
2.000000000000000000e+01 1.783872395753860474e-02 1.544835977256298065e-04 6.725315470248460770e-03 1.042166352272033691e-02 6.917452556081116199e-04
3.000000000000000000e+01 7.724383380264043808e-03 4.345986235421150923e-04 2.057312289252877235e-03 5.503993481397628784e-03 1.630779734114184976e-04
4.000000000000000000e+01 1.526689506135880947e-03 1.742086955346167088e-03 1.933817984536290169e-04 7.765457849018275738e-04 5.567619227804243565e-04
5.000000000000000000e+01 1.710741758346557617e+00 3.059948357986286283e-05 1.187296628952026367e+00 4.597634077072143555e-01 3.308219090104103088e-02
6.000000000000000000e+01 1.393448859453201294e-01 1.936905573529656976e-05 6.732215732336044312e-02 2.576130814850330353e-02 2.689236588776111603e-02
7.000000000000000000e+01 5.678122490644454956e-02 1.155877362180035561e-05 1.445960905402898788e-02 2.824020385742187500e-02 2.522641560062766075e-03
8.000000000000000000e+01 3.729337081313133240e-02 2.681326122910832055e-06 1.510286424309015274e-02 1.930402405560016632e-02 2.051538322120904922e-04
9.000000000000000000e+01 2.094495855271816254e-02 7.474340236512944102e-06 6.087758578360080719e-03 7.181672845035791397e-03 2.011882170336320996e-04
1.000000000000000000e+02 1.646476052701473236e-02 5.010731456422945485e-06 4.769402556121349335e-03 6.650845520198345184e-03 3.378029578016139567e-05
1.100000000000000000e+02 1.703006587922573090e-02 5.047130798629950732e-06 4.956231918185949326e-03 6.989073008298873901e-03 3.763138738577254117e-05
1.200000000000000000e+02 1.650564931333065033e-02 5.345869794837199152e-06 5.252446979284286499e-03 5.885453894734382629e-03 2.187783502449747175e-05
1.300000000000000000e+02 1.611361280083656311e-02 5.333178251021308824e-06 5.111011676490306854e-03 5.612073931843042374e-03 5.734976730309426785e-05
1.400000000000000000e+02 1.550857722759246826e-02 5.168375992070650682e-06 4.684858024120330811e-03 5.583848338574171066e-03 7.149421435315161943e-05
1.500000000000000000e+02 1.589790172874927521e-02 4.921945219393819571e-06 5.061545409262180328e-03 5.797196645289659500e-03 1.172138363472186029e-04
1.600000000000000000e+02 1.565561816096305847e-02 4.714416263595921919e-06 5.023983772844076157e-03 5.823005922138690948e-03 9.421134745934978127e-05
1.700000000000000000e+02 1.536674145609140396e-02 4.424254711921093985e-06 5.023032426834106445e-03 5.823549814522266388e-03 9.590346598997712135e-05
1.800000000000000000e+02 1.588340476155281067e-02 4.947434263158356771e-06 5.020418204367160797e-03 5.815428681671619415e-03 1.001249693217687309e-04
1.900000000000000000e+02 1.579969562590122223e-02 4.815161446458660066e-06 5.001526325941085815e-03 5.865459330379962921e-03 1.175502184196375310e-04
2.000000000000000000e+02 1.526091992855072021e-02 4.445589183887932450e-06 4.867443349212408066e-03 5.839417688548564911e-03 1.084698669728823006e-04
2.100000000000000000e+02 1.561794709414243698e-02 4.802615876542404294e-06 4.867443349212408066e-03 5.839417688548564911e-03 1.084698669728823006e-04
2.200000000000000000e+02 1.559126470237970352e-02 4.765047833643620834e-06 4.885687492787837982e-03 5.834101233631372452e-03 1.064286407199688256e-04
2.300000000000000000e+02 1.589491777122020721e-02 5.009601409255992621e-06 4.999406170099973679e-03 5.822220351547002792e-03 6.368887989083305001e-05
2.400000000000000000e+02 1.553263328969478607e-02 4.930227987642865628e-06 5.066412035375833511e-03 5.499274935573339462e-03 3.671839658636599779e-05
2.500000000000000000e+02 1.593225263059139252e-02 5.032678018324077129e-06 5.228232592344284058e-03 5.645498633384704590e-03 2.584409958217293024e-05
2.600000000000000000e+02 1.552622206509113312e-02 4.998642452846979722e-06 5.182622000575065613e-03 5.320427473634481430e-03 2.452874286973383278e-05
2.700000000000000000e+02 1.566994003951549530e-02 5.032184162701014429e-06 5.042465869337320328e-03 5.567961372435092926e-03 2.732932625804096460e-05
2.800000000000000000e+02 1.578180119395256042e-02 4.820225967705482617e-06 5.203739274293184280e-03 5.737362895160913467e-03 2.047445741482079029e-05
2.900000000000000000e+02 1.544671971350908279e-02 4.739772975881351158e-06 5.293014459311962128e-03 5.394344218075275421e-03 1.958760731213260442e-05
3.000000000000000000e+02 1.531706284731626511e-02 4.505119704845128581e-06 5.298557225614786148e-03 5.479181185364723206e-03 3.420429493417032063e-05
3.100000000000000000e+02 1.535717863589525223e-02 4.485944373300299048e-06 5.407747812569141388e-03 5.419735331088304520e-03 4.375057687866501510e-05
3.200000000000000000e+02 1.509750075638294220e-02 4.216888100927462801e-06 5.411029327660799026e-03 5.390429403632879257e-03 7.915280730230733752e-05
3.300000000000000000e+02 1.508049294352531433e-02 4.100877958990167826e-06 5.252654664218425751e-03 5.694320425391197205e-03 3.264026963734067976e-05
3.400000000000000000e+02 1.534060575067996979e-02 4.418244316184427589e-06 5.502433050423860550e-03 5.401752423495054245e-03 1.817568954720627517e-05
3.500000000000000000e+02 1.523869298398494720e-02 4.011574674223084003e-06 5.147378426045179367e-03 6.068801507353782654e-03 1.093836908694356680e-05
3.600000000000000000e+02 1.509416475892066956e-02 3.825438852800289169e-06 5.250167101621627808e-03 5.995961837470531464e-03 2.259655775560531765e-05
3.700000000000000000e+02 1.509361062198877335e-02 4.496614565141499043e-06 5.152280908077955246e-03 5.426765885204076767e-03 1.794965646695345640e-05
3.800000000000000000e+02 1.504937838762998581e-02 4.243309831508668140e-06 5.178832449018955231e-03 5.613606423139572144e-03 1.363031060463981703e-05
3.900000000000000000e+02 1.486878097057342529e-02 4.402386821311665699e-06 5.073557607829570770e-03 5.366207566112279892e-03 2.662830956978723407e-05
4.000000000000000000e+02 1.464372780174016953e-02 4.580079348670551553e-06 4.760800395160913467e-03 5.271562840789556503e-03 3.128364551230333745e-05
4.100000000000000000e+02 1.516113989055156708e-02 4.757348506245762110e-06 5.149691831320524216e-03 5.238112993538379669e-03 1.598652124812360853e-05
4.200000000000000000e+02 1.480970252305269241e-02 4.445200829650275409e-06 4.738496150821447372e-03 5.601441953331232071e-03 2.456347283441573381e-05
4.300000000000000000e+02 1.487489882856607437e-02 4.703183094534324482e-06 4.753460176289081573e-03 5.379266571253538132e-03 3.898820796166546643e-05
4.400000000000000000e+02 1.430188119411468506e-02 4.755988356919260696e-06 4.365934059023857117e-03 5.123140756040811539e-03 5.681828406522981822e-05
4.500000000000000000e+02 1.345715299248695374e-02 4.393793460621964186e-06 4.113995004445314407e-03 4.922486376017332077e-03 2.687781488930340856e-05
4.600000000000000000e+02 1.374791935086250305e-02 4.707289463112829253e-06 4.101978614926338196e-03 4.902795888483524323e-03 3.585478771128691733e-05
4.700000000000000000e+02 1.195375062525272369e-02 4.929353053739760071e-06 3.030882449820637703e-03 3.956200089305639267e-03 3.731402102857828140e-05
4.800000000000000000e+02 1.188706886023283005e-02 5.192614935367600992e-06 2.637640573084354401e-03 3.987482748925685883e-03 6.933016265975311399e-05
4.900000000000000000e+02 1.153032109141349792e-02 4.624009307008236647e-06 2.942155115306377411e-03 3.931653685867786407e-03 3.250342342653311789e-05
5.000000000000000000e+02 1.130341924726963043e-02 4.821753918804461136e-06 2.378966892138123512e-03 4.090942908078432083e-03 1.175522902485681698e-05
5.100000000000000000e+02 9.001158177852630615e-03 3.402176844247151166e-06 2.349293325096368790e-03 3.091737627983093262e-03 1.579504314577206969e-04
5.200000000000000000e+02 9.501902386546134949e-03 3.829089564533205703e-06 2.676550531759858131e-03 2.984210848808288574e-03 1.205158332595601678e-05
5.300000000000000000e+02 9.003365412354469299e-03 3.427601086514187045e-06 2.404058352112770081e-03 3.162601031363010406e-03 9.104608579946216196e-06
5.400000000000000000e+02 9.795395657420158386e-03 3.565782662917627022e-06 2.583159599453210831e-03 3.634536871686577797e-03 1.191655974253080785e-05
5.500000000000000000e+02 8.812174201011657715e-03 3.049673750865622424e-06 2.459523733705282211e-03 3.288983134552836418e-03 1.399321899953065440e-05
5.600000000000000000e+02 7.997510023415088654e-03 3.284596232333569787e-06 2.397750038653612137e-03 2.298744861036539078e-03 1.641836024646181613e-05
5.700000000000000000e+02 7.657986134290695190e-03 3.283366140749421902e-06 2.110718749463558197e-03 2.239263616502285004e-03 2.463749660819303244e-05
5.800000000000000000e+02 7.321423385292291641e-03 2.890477389883017167e-06 2.332753734663128853e-03 2.047236077487468719e-03 5.095588494441471994e-05
5.900000000000000000e+02 6.579461973160505295e-03 2.614534878375707194e-06 2.141299191862344742e-03 1.808361383154988289e-03 1.526655796624254435e-05
6.000000000000000000e+02 6.391708273440599442e-03 2.816169626385089941e-06 1.884560915641486645e-03 1.672540907748043537e-03 1.843672362156212330e-05
6.100000000000000000e+02 6.169388070702552795e-03 2.858771267710835673e-06 1.708819065243005753e-03 1.572046312503516674e-03 2.975132338178809732e-05
6.200000000000000000e+02 6.148488260805606842e-03 3.224450665584299713e-06 1.721531501971185207e-03 1.188797992654144764e-03 1.370801601296989247e-05
6.300000000000000000e+02 5.724640563130378723e-03 3.134075768684851937e-06 1.389511628076434135e-03 1.174969365820288658e-03 2.608343311294447631e-05
6.400000000000000000e+02 5.680193193256855011e-03 3.192764097548206337e-06 1.237953780218958855e-03 1.196161727420985699e-03 5.331371721695177257e-05
6.500000000000000000e+02 5.227786023169755936e-03 2.542788934078998864e-06 1.353351166471838951e-03 1.291092950850725174e-03 4.055327372043393552e-05
6.600000000000000000e+02 5.698537919670343399e-03 3.001143795700045303e-06 1.393891754560172558e-03 1.261694706045091152e-03 4.180751784588210285e-05
6.700000000000000000e+02 5.610449239611625671e-03 2.671008587640244514e-06 1.546142506413161755e-03 1.378476619720458984e-03 1.482175139244645834e-05
6.800000000000000000e+02 6.001942325383424759e-03 3.180949306624825113e-06 1.544074388220906258e-03 1.260321703739464283e-03 1.659720692259725183e-05
6.900000000000000000e+02 4.938181024044752121e-03 2.671111815288895741e-06 1.118121435865759850e-03 1.133322017267346382e-03 1.562574834679253399e-05
7.000000000000000000e+02 5.137143190950155258e-03 2.707627800191403367e-06 1.147051691077649593e-03 1.268093707039952278e-03 1.436977254343219101e-05
7.100000000000000000e+02 5.496460478752851486e-03 2.869385980375227518e-06 1.326426514424383640e-03 1.286566955968737602e-03 1.408121443091658875e-05
7.200000000000000000e+02 4.759122617542743683e-03 2.590441226857365109e-06 1.155313337221741676e-03 9.955295827239751816e-04 1.783869629434775561e-05
7.300000000000000000e+02 5.321553908288478851e-03 2.742918013609596528e-06 1.306311809457838535e-03 1.255840994417667389e-03 1.648322904657106847e-05
7.400000000000000000e+02 4.583802074193954468e-03 2.651669092301744968e-06 9.483672911301255226e-04 9.695837507024407387e-04 1.418207557435380295e-05
7.500000000000000000e+02 6.254542618989944458e-03 3.096808995906030759e-06 1.660086796618998051e-03 1.482463208958506584e-03 1.518330100225284696e-05
7.600000000000000000e+02 5.493775475770235062e-03 3.051075509574729949e-06 1.289916923269629478e-03 1.139427651651203632e-03 1.335563865723088384e-05
7.700000000000000000e+02 5.150999408215284348e-03 2.771039817162090912e-06 1.266188453882932663e-03 1.092824502848088741e-03 2.094641968142241240e-05
7.800000000000000000e+02 4.379320889711380005e-03 2.410577508271671832e-06 1.140506006777286530e-03 8.045382564887404442e-04 2.369873982388526201e-05
7.900000000000000000e+02 5.080754403024911880e-03 2.831686970239388756e-06 1.301840646192431450e-03 9.265925618819892406e-04 2.063444662780966610e-05
8.000000000000000000e+02 4.943304229527711868e-03 3.064141310460399836e-06 1.029037521220743656e-03 8.284274954348802567e-04 2.169756953662727028e-05
8.100000000000000000e+02 5.465140566229820251e-03 3.042361186089692637e-06 1.412979559972882271e-03 9.876335971057415009e-04 2.216590473835822195e-05
8.200000000000000000e+02 4.672917537391185760e-03 2.553354079282144085e-06 1.117677660658955574e-03 9.880136931315064430e-04 1.387226802762597799e-05
8.300000000000000000e+02 4.741257056593894958e-03 2.597079401311930269e-06 1.289653824642300606e-03 8.373582386411726475e-04 1.716568840492982417e-05
8.400000000000000000e+02 5.035308655351400375e-03 2.709602085815276951e-06 1.315986854024231434e-03 9.838701225817203522e-04 2.584981848485767841e-05
8.500000000000000000e+02 5.400705616921186447e-03 2.776251676550600678e-06 1.578678493387997150e-03 1.006764592602849007e-03 3.901097443304024637e-05
8.600000000000000000e+02 4.723045509308576584e-03 2.536239435357856564e-06 1.287355669774115086e-03 8.720345795154571533e-04 2.741591197263915092e-05
8.700000000000000000e+02 5.568055901676416397e-03 2.893846840379410423e-06 1.720215077511966228e-03 9.347347659058868885e-04 1.925876858877018094e-05
8.800000000000000000e+02 3.949005156755447388e-03 2.069269839921616949e-06 1.014639157801866531e-03 8.472360204905271530e-04 1.786012398952152580e-05
8.900000000000000000e+02 3.584521124139428139e-03 2.104121222146204673e-06 8.567789336666464806e-04 6.035180995240807533e-04 2.010287607845384628e-05
9.000000000000000000e+02 4.917772021144628525e-03 2.863780082407174632e-06 1.118496875278651714e-03 9.144111536443233490e-04 2.108360968122724444e-05
9.100000000000000000e+02 4.442946985363960266e-03 2.308114517290960066e-06 1.232948969118297100e-03 8.806564146652817726e-04 2.122693877026904374e-05
9.200000000000000000e+02 4.743888974189758301e-03 2.377653800067491829e-06 1.474760007113218307e-03 8.719779434613883495e-04 1.949712168425321579e-05
9.300000000000000000e+02 4.624838475137948990e-03 2.711539536903728731e-06 1.164589193649590015e-03 7.317722775042057037e-04 1.693731792329344898e-05
9.400000000000000000e+02 4.416150040924549103e-03 2.653715910128084943e-06 1.175774959847331047e-03 5.532420473173260689e-04 3.341724732308648527e-05
9.500000000000000000e+02 5.288029089570045471e-03 2.914277047239011154e-06 1.492858980782330036e-03 8.518540998920798302e-04 2.903861422964837402e-05
9.600000000000000000e+02 5.077211651951074600e-03 2.797598426695913076e-06 1.443427172489464283e-03 8.113259100355207920e-04 2.486022822267841548e-05
9.700000000000000000e+02 4.848184064030647278e-03 2.734940380832995288e-06 1.415960025042295456e-03 6.759515963494777679e-04 2.133255475200712681e-05
9.800000000000000000e+02 4.296037368476390839e-03 2.272775191158871166e-06 1.236079609952867031e-03 7.665689336135983467e-04 2.061396844510454684e-05
9.900000000000000000e+02 5.816795863211154938e-03 3.235256599509739317e-06 1.719225663691759109e-03 8.219808223657310009e-04 4.033273944514803588e-05
1.000000000000000000e+03 4.731261171400547028e-03 2.742644255704362877e-06 1.289200969040393829e-03 6.818879628553986549e-04 1.752785647113341838e-05
1.010000000000000000e+03 4.325564019381999969e-03 2.451943373671383597e-06 1.197530305944383144e-03 6.524965283460915089e-04 2.359358950343448669e-05
1.020000000000000000e+03 5.220948252826929092e-03 2.832975042110774666e-06 1.634159707464277744e-03 7.308580097742378712e-04 2.295542799402028322e-05
1.030000000000000000e+03 5.541543476283550262e-03 2.992303279825136997e-06 1.613445929251611233e-03 9.090636740438640118e-04 2.673092785698827356e-05
1.040000000000000000e+03 4.780491814017295837e-03 2.557440211603534408e-06 1.444446854293346405e-03 7.590329041704535484e-04 1.957196036528330296e-05
1.050000000000000000e+03 4.180719144642353058e-03 2.350342583667952567e-06 1.085162744857370853e-03 7.256322423927485943e-04 1.958153552550356835e-05
1.060000000000000000e+03 5.457194987684488297e-03 3.108078317382023670e-06 1.420457265339791775e-03 9.067401406355202198e-04 2.191920611949171871e-05
1.070000000000000000e+03 4.611179698258638382e-03 2.738745706665213220e-06 1.091686077415943146e-03 7.599422242492437363e-04 2.080583908536937088e-05
1.080000000000000000e+03 5.755559541285037994e-03 3.175090114382328466e-06 1.710146199911832809e-03 8.471180335618555546e-04 2.320542080269660801e-05
1.090000000000000000e+03 5.103380884975194931e-03 3.017603148691705428e-06 1.289976411499083042e-03 7.795366691425442696e-04 1.626461198611650616e-05
1.100000000000000000e+03 4.744016099721193314e-03 2.673375092854257673e-06 1.232110662385821342e-03 8.113971562124788761e-04 2.713293361011892557e-05
1.110000000000000000e+03 5.020802840590476990e-03 2.946392214653315023e-06 1.285707461647689342e-03 7.691258215345442295e-04 1.957740460056811571e-05
1.120000000000000000e+03 4.972665570676326752e-03 2.925951093857293017e-06 1.224864390678703785e-03 8.006581920199096203e-04 2.119226155627984554e-05
1.130000000000000000e+03 5.650903098285198212e-03 3.183634134984458797e-06 1.642767456360161304e-03 7.965539116412401199e-04 2.794782631099224091e-05
1.140000000000000000e+03 4.374291747808456421e-03 2.585884658401482739e-06 1.084061106666922569e-03 6.793827051296830177e-04 2.496312117727939039e-05
1.150000000000000000e+03 4.656906239688396454e-03 2.744483936112374067e-06 1.184346852824091911e-03 7.065180107019841671e-04 2.155731090169865638e-05
1.160000000000000000e+03 4.585013724863529205e-03 2.617547806949005462e-06 1.201042789034545422e-03 7.428444805555045605e-04 2.357874654990155250e-05
1.170000000000000000e+03 4.519881680607795715e-03 2.554598722781520337e-06 1.257144380360841751e-03 6.859220447950065136e-04 2.221680369984824210e-05
1.180000000000000000e+03 4.556481726467609406e-03 2.826215677487198263e-06 9.758259402588009834e-04 7.326849736273288727e-04 2.175532245018985122e-05
1.190000000000000000e+03 5.132075399160385132e-03 3.035789632122032344e-06 1.391197438351809978e-03 6.812976207584142685e-04 2.379052421019878238e-05
1.200000000000000000e+03 4.717628937214612961e-03 2.598734681669156998e-06 1.388468896038830280e-03 7.071264553815126419e-04 2.329938615730497986e-05
1.210000000000000000e+03 4.054839257150888443e-03 2.175717099817120470e-06 1.155161648057401180e-03 6.975162541493773460e-04 2.644378946570213884e-05
1.220000000000000000e+03 5.532467737793922424e-03 3.117504547844873741e-06 1.604169956408441067e-03 7.830501417629420757e-04 2.774331915134098381e-05
1.230000000000000000e+03 5.707309581339359283e-03 3.147755933241569437e-06 1.650228514336049557e-03 8.884393610060214996e-04 2.088602195726707578e-05
1.240000000000000000e+03 5.498964339494705200e-03 3.082551529587362893e-06 1.553055597469210625e-03 8.334918529726564884e-04 2.986560321005526930e-05
1.250000000000000000e+03 4.522376693785190582e-03 2.462811607983894646e-06 1.326940837316215038e-03 7.150552701205015182e-04 1.756953133735805750e-05
1.260000000000000000e+03 4.691123962402343750e-03 2.697516038097091950e-06 1.318491064012050629e-03 6.596020539291203022e-04 1.551427158119622618e-05
1.270000000000000000e+03 3.799547674134373665e-03 1.986696815947652794e-06 9.909757645800709724e-04 7.908326224423944950e-04 3.104267307207919657e-05
1.280000000000000000e+03 4.335737321525812149e-03 2.402910695309401490e-06 1.225057640112936497e-03 6.887331837788224220e-04 1.903564771055243909e-05
1.290000000000000000e+03 4.841665271669626236e-03 2.699256810956285335e-06 1.359030138701200485e-03 7.628700695931911469e-04 2.050806324405129999e-05
1.300000000000000000e+03 4.020392429083585739e-03 2.070524033115361817e-06 1.188869820907711983e-03 7.456894963979721069e-04 1.530902954982593656e-05
1.310000000000000000e+03 5.668840371072292328e-03 3.423180032768868841e-06 1.425713417120277882e-03 7.987403660081326962e-04 2.120670251315459609e-05
1.320000000000000000e+03 4.468822851777076721e-03 2.421330464130733162e-06 1.236111973412334919e-03 7.800500025041401386e-04 3.133002246613614261e-05
1.330000000000000000e+03 3.673036582767963409e-03 1.977456577151315287e-06 9.194881422445178032e-04 7.628201856277883053e-04 1.327191785094328225e-05
1.340000000000000000e+03 4.798931069672107697e-03 2.803438974297023378e-06 1.193726086057722569e-03 7.799327140673995018e-04 2.183308788517024368e-05
1.350000000000000000e+03 4.259238485246896744e-03 2.316603058716282248e-06 1.139875850640237331e-03 7.754435646347701550e-04 2.731603308347985148e-05
1.360000000000000000e+03 4.368521273136138916e-03 2.422946181468432769e-06 1.226705382578074932e-03 7.013137801550328732e-04 1.755599987518507987e-05
1.370000000000000000e+03 4.005812108516693115e-03 2.044193479378009215e-06 1.224715844728052616e-03 7.188383024185895920e-04 1.806496766221243888e-05
1.380000000000000000e+03 4.727009218186140060e-03 2.617974587337812409e-06 1.426912262104451656e-03 6.622563232667744160e-04 1.986604365811217576e-05
1.390000000000000000e+03 4.896181635558605194e-03 2.787441189866513014e-06 1.424247049726545811e-03 6.551481783390045166e-04 2.934507028840016574e-05
1.400000000000000000e+03 4.975433461368083954e-03 2.918693326137145050e-06 1.305843237787485123e-03 7.298447308130562305e-04 2.105219755321741104e-05
1.410000000000000000e+03 4.660360515117645264e-03 2.700921413634205237e-06 1.281223143450915813e-03 6.632294971495866776e-04 1.498686742706922814e-05
1.420000000000000000e+03 3.134412458166480064e-03 1.542816335131647065e-06 1.026509213261306286e-03 5.506254965439438820e-04 1.446139231120469049e-05
1.430000000000000000e+03 4.460700787603855133e-03 2.549156306486111134e-06 1.243395847268402576e-03 6.544244824908673763e-04 1.372404221910983324e-05
1.440000000000000000e+03 3.427352756261825562e-03 1.690080807748017833e-06 1.205956563353538513e-03 5.068951286375522614e-04 2.442021650495007634e-05
1.450000000000000000e+03 4.106306470930576324e-03 2.321652800674200989e-06 1.190270064398646355e-03 5.820476799272000790e-04 1.233572675118921325e-05
1.460000000000000000e+03 4.061283078044652939e-03 2.270378672619699501e-06 1.199839520268142223e-03 5.779735511168837547e-04 1.309113940806128085e-05
1.470000000000000000e+03 4.216764587908983231e-03 2.425860429866588674e-06 1.199839520268142223e-03 5.779735511168837547e-04 1.309113940806128085e-05
1.480000000000000000e+03 3.569389926269650459e-03 2.017385668295901269e-06 1.021802774630486965e-03 5.165312904864549637e-04 1.367048480460653082e-05
1.490000000000000000e+03 4.273729398846626282e-03 2.591915063021588139e-06 1.099420245736837387e-03 5.690224352292716503e-04 1.337203229923034087e-05
1.500000000000000000e+03 4.838462918996810913e-03 2.885037474698037840e-06 1.280582277104258537e-03 6.576731102541089058e-04 1.517015789431752637e-05
1.510000000000000000e+03 4.552593454718589783e-03 2.678424380064825527e-06 1.169184921309351921e-03 6.887203198857605457e-04 1.626363336981739849e-05
1.520000000000000000e+03 3.469008021056652069e-03 1.652866444601386320e-06 1.037646201439201832e-03 7.599611417390406132e-04 1.853417234087828547e-05
1.530000000000000000e+03 3.871875349432229996e-03 2.231012103948160075e-06 1.043846365064382553e-03 5.753920995630323887e-04 2.162475720979273319e-05
1.540000000000000000e+03 3.340606577694416046e-03 1.923636773426551372e-06 8.800013456493616104e-04 5.173915997147560120e-04 1.957678432518150657e-05
1.550000000000000000e+03 4.360826686024665833e-03 2.640351340232882649e-06 1.081774244084954262e-03 6.222713855095207691e-04 1.642966344661545008e-05
1.560000000000000000e+03 3.830679226666688919e-03 2.275325641676317900e-06 9.721304522827267647e-04 5.673166597262024879e-04 1.590644933457951993e-05
1.570000000000000000e+03 4.758250433951616287e-03 2.972087941088830121e-06 1.113506383262574673e-03 6.596540915779769421e-04 1.300204621657030657e-05
1.580000000000000000e+03 5.009490996599197388e-03 2.916756102422368713e-06 1.347921439446508884e-03 7.310531800612807274e-04 1.376018917653709650e-05
1.590000000000000000e+03 3.658892819657921791e-03 1.824226728786015883e-06 9.878830751404166222e-04 8.369035786017775536e-04 9.879292520054150373e-06
1.600000000000000000e+03 3.875626716762781143e-03 2.130618213413981721e-06 1.133924699388444424e-03 5.988901248201727867e-04 1.219323439727304503e-05
1.610000000000000000e+03 3.401008201763033867e-03 2.052959871434723027e-06 8.001391543075442314e-04 5.335546447895467281e-04 1.435434114682720974e-05
1.620000000000000000e+03 3.901214571669697762e-03 2.221728209406137466e-06 9.892648085951805115e-04 6.786246667616069317e-04 1.159681141871260479e-05
1.630000000000000000e+03 3.725523827597498894e-03 2.251781779705197550e-06 9.361302945762872696e-04 5.235900753177702427e-04 1.402167526975972578e-05
1.640000000000000000e+03 4.751777276396751404e-03 2.849531938409199938e-06 1.244032173417508602e-03 6.421290454454720020e-04 1.608385900908615440e-05
1.650000000000000000e+03 3.624817356467247009e-03 2.048760279649286531e-06 9.796421509236097336e-04 5.829915753565728664e-04 1.342327868769643828e-05
1.660000000000000000e+03 3.021162003278732300e-03 1.630127485441335011e-06 8.846731507219374180e-04 4.913013544864952564e-04 1.506011813035001978e-05
1.670000000000000000e+03 3.464758628979325294e-03 2.002128667299984954e-06 9.353042114526033401e-04 5.120341666042804718e-04 1.529157634649891406e-05
1.680000000000000000e+03 3.287940984591841698e-03 1.975130771825206466e-06 8.523150463588535786e-04 4.446783568710088730e-04 1.581697688379790634e-05
1.690000000000000000e+03 4.196355585008859634e-03 2.590586063888622448e-06 1.011317363008856773e-03 5.827816203236579895e-04 1.167107529909117147e-05
1.700000000000000000e+03 4.592617973685264587e-03 2.528335244278423488e-06 1.411716337315738201e-03 6.392095820046961308e-04 1.335722208750667050e-05
1.710000000000000000e+03 5.095854867249727249e-03 2.608561771921813488e-06 1.605135505087673664e-03 8.722429047338664532e-04 9.914923793985508382e-06
1.720000000000000000e+03 4.183485172688961029e-03 2.458820063111488707e-06 1.254418399184942245e-03 4.599679377861320972e-04 1.027838607114972547e-05
1.730000000000000000e+03 4.312663339078426361e-03 2.394268449279479682e-06 1.310893101617693901e-03 5.974151426926255226e-04 1.008662002277560532e-05
1.740000000000000000e+03 4.043527878820896149e-03 2.198014044552110136e-06 1.142807537689805031e-03 6.854863604530692101e-04 1.722006891213823110e-05
1.750000000000000000e+03 4.018108360469341278e-03 2.305632960997172631e-06 1.176049816422164440e-03 5.215913406573235989e-04 1.483433425164548680e-05
1.760000000000000000e+03 4.361011553555727005e-03 2.298656681887223385e-06 1.425246591679751873e-03 6.270082085393369198e-04 1.010030246106907725e-05
1.770000000000000000e+03 3.310367465019226074e-03 1.967638581845676526e-06 8.148633642122149467e-04 4.963508108630776405e-04 3.151497003273107111e-05
1.780000000000000000e+03 4.342507105320692062e-03 2.470522076691850089e-06 1.319603528827428818e-03 5.390929291024804115e-04 1.328873531747376546e-05
1.790000000000000000e+03 3.602706128731369972e-03 2.143866140613681637e-06 9.355589281767606735e-04 5.089286132715642452e-04 1.435233298252569512e-05
1.800000000000000000e+03 4.609168972820043564e-03 2.616804977151332423e-06 1.403546310029923916e-03 5.743082147091627121e-04 1.450946274417219684e-05
1.810000000000000000e+03 3.105051582679152489e-03 1.459048121432715561e-06 9.608446271158754826e-04 6.761546246707439423e-04 9.004255844047293067e-06
1.820000000000000000e+03 3.955394960939884186e-03 2.230205154774012044e-06 1.148646231740713120e-03 5.664066411554813385e-04 1.013681776385055855e-05
1.830000000000000000e+03 3.150623990222811699e-03 1.666281036705186125e-06 9.364829165861010551e-04 5.384107935242354870e-04 9.449108802073169500e-06
1.840000000000000000e+03 3.320880932733416557e-03 1.985932385650812648e-06 9.035846451297402382e-04 4.126224957872182131e-04 1.874119152489583939e-05
1.850000000000000000e+03 3.162331879138946533e-03 1.615994847270485479e-06 1.092328922823071480e-03 4.412295529618859291e-04 1.277869796467712149e-05
1.860000000000000000e+03 4.491115920245647430e-03 2.526726348150987178e-06 1.299622468650341034e-03 6.546805961988866329e-04 1.008662820822792128e-05
1.870000000000000000e+03 4.287184681743383408e-03 2.484928927515284158e-06 1.132753095589578152e-03 6.585442461073398590e-04 1.095850620913552120e-05
1.880000000000000000e+03 4.251630045473575592e-03 2.451946556902839802e-06 1.161554944701492786e-03 6.192839355207979679e-04 1.884466291812714189e-05
1.890000000000000000e+03 2.460660878568887711e-03 1.273352268071903381e-06 7.119189249351620674e-04 4.593490739353001118e-04 1.604073622729629278e-05
1.900000000000000000e+03 3.943103365600109100e-03 2.295270405738847330e-06 1.093180384486913681e-03 5.440288223326206207e-04 1.062379669747315347e-05
1.910000000000000000e+03 3.866081126034259796e-03 2.250459147035144269e-06 1.091560698114335537e-03 5.147371557541191578e-04 9.324130587629042566e-06
1.920000000000000000e+03 4.203030373901128769e-03 2.508423904146184213e-06 1.183461747132241726e-03 5.004853592254221439e-04 1.065966353053227067e-05
1.930000000000000000e+03 2.664025174453854561e-03 1.587545852999028284e-06 5.988039192743599415e-04 4.589424934238195419e-04 1.873283326858654618e-05
1.940000000000000000e+03 4.656929988414049149e-03 2.614176082715857774e-06 1.411187346093356609e-03 6.173605797812342644e-04 1.420606622559716925e-05
1.950000000000000000e+03 4.303236491978168488e-03 2.508730858608032577e-06 1.285832258872687817e-03 4.969922592863440514e-04 1.168127801065566018e-05
1.960000000000000000e+03 3.328620223328471184e-03 1.961685256901546381e-06 8.249362581409513950e-04 5.266919033601880074e-04 1.530700501461979002e-05
1.970000000000000000e+03 5.279578734189271927e-03 2.905316250689793378e-06 1.684899325482547283e-03 6.798901595175266266e-04 9.472793863096740097e-06
1.980000000000000000e+03 5.145382136106491089e-03 2.770806077023735270e-06 1.689845579676330090e-03 6.751537439413368702e-04 9.576948286849074066e-06
1.990000000000000000e+03 3.710118588060140610e-03 2.246897793156676926e-06 9.314434719271957874e-04 5.179395084269344807e-04 1.383794005960226059e-05
2.000000000000000000e+03 4.598276223987340927e-03 2.599788558654836379e-06 1.328375074081122875e-03 6.614217418245971203e-04 8.690932190802413970e-06
2.010000000000000000e+03 3.071889979764819145e-03 1.763545242283726111e-06 8.247241494245827198e-04 4.709612985607236624e-04 1.265935861738398671e-05
2.020000000000000000e+03 3.500637831166386604e-03 1.941019490914186463e-06 9.799140971153974533e-04 5.663019255734980106e-04 1.340248491032980382e-05
2.030000000000000000e+03 4.583905916661024094e-03 2.423151727271033451e-06 1.408721087500452995e-03 7.396662258543074131e-04 1.236690422956598923e-05
2.040000000000000000e+03 4.106241278350353241e-03 2.324911292816977948e-06 1.143721397966146469e-03 6.271311431191861629e-04 1.047726982505992055e-05
2.050000000000000000e+03 3.874194575473666191e-03 2.278246711284737103e-06 1.052246079780161381e-03 5.315662710927426815e-04 1.213544510392239317e-05
2.060000000000000000e+03 4.073222633451223373e-03 2.276582790727843530e-06 1.165659748949110508e-03 6.180013879202306271e-04 1.297848848480498418e-05
2.070000000000000000e+03 3.789391135796904564e-03 2.179248212996753864e-06 1.044582459144294262e-03 5.521271959878504276e-04 1.343322674074443057e-05
2.080000000000000000e+03 3.892751410603523254e-03 2.282727791680372320e-06 1.044626929797232151e-03 5.519581027328968048e-04 1.343843814538558945e-05
2.090000000000000000e+03 3.442722372710704803e-03 1.916645942401373759e-06 1.011743792332708836e-03 5.016943323425948620e-04 1.263838476006640121e-05
2.100000000000000000e+03 4.634784534573554993e-03 2.851932094927178696e-06 1.175221172161400318e-03 5.943077849224209785e-04 1.332351439486956224e-05
2.110000000000000000e+03 4.937350749969482422e-03 3.056433115489198826e-06 1.216081785969436169e-03 6.503767799586057663e-04 1.445887482987018302e-05
2.120000000000000000e+03 3.503814805299043655e-03 1.887834514491260052e-06 1.044524367898702621e-03 5.591906374320387840e-04 1.226509175467072055e-05
2.130000000000000000e+03 3.344408702105283737e-03 1.870753294497262686e-06 8.935970836319029331e-04 5.683480412699282169e-04 1.171050826087594032e-05
2.140000000000000000e+03 3.838491626083850861e-03 2.314835910510737449e-06 9.986552176997065544e-04 5.135426181368529797e-04 1.145778242062078789e-05
2.150000000000000000e+03 4.362048115581274033e-03 2.458107474012649618e-06 1.348593737930059433e-03 5.412984755821526051e-04 1.404837803420377895e-05
2.160000000000000000e+03 3.045282792299985886e-03 1.742997369547083508e-06 7.542495150119066238e-04 5.372210871428251266e-04 1.081475875253090635e-05
2.170000000000000000e+03 4.541418049484491348e-03 2.664221710801939480e-06 1.272255089133977890e-03 5.908960010856389999e-04 1.404481463396223262e-05
2.180000000000000000e+03 3.063084557652473450e-03 1.657671759858203586e-06 8.492805063724517822e-04 5.444300477392971516e-04 1.170234008895931765e-05
2.190000000000000000e+03 3.797242883592844009e-03 2.168267656088573858e-06 1.089847879484295845e-03 5.265641375444829464e-04 1.256302039109868929e-05
2.200000000000000000e+03 3.673037048429250717e-03 2.077556473523145542e-06 1.022629439830780029e-03 5.585080944001674652e-04 1.434314617654308677e-05
2.210000000000000000e+03 4.445630125701427460e-03 2.514642801543232054e-06 1.292431028559803963e-03 6.230189464986324310e-04 1.553731453896034509e-05
2.220000000000000000e+03 3.637457499280571938e-03 2.093349849019432440e-06 1.001406111754477024e-03 5.314287263900041580e-04 1.127271116274641827e-05
2.230000000000000000e+03 4.446606617420911789e-03 2.528245886423974298e-06 1.311105675995349884e-03 5.939147085882723331e-04 1.334010448772460222e-05
2.240000000000000000e+03 4.329492803663015366e-03 2.472032747391494922e-06 1.278864569030702114e-03 5.643824697472155094e-04 1.421295382897369564e-05
2.250000000000000000e+03 4.864521324634552002e-03 2.720206566664273851e-06 1.514665898866951466e-03 6.167506799101829529e-04 1.289848023589001969e-05
2.260000000000000000e+03 4.393768496811389923e-03 2.497510649845935404e-06 1.342277275398373604e-03 5.389369325712323189e-04 1.504353986092610285e-05
2.270000000000000000e+03 3.414815058931708336e-03 1.822595208977872971e-06 9.282561950385570526e-04 6.445570033974945545e-04 1.940677975653670728e-05
2.280000000000000000e+03 2.915918594226241112e-03 1.511433083578594960e-06 7.989751757122576237e-04 5.883596604689955711e-04 1.715054895612411201e-05
2.290000000000000000e+03 4.595601465553045273e-03 2.612193156892317347e-06 1.226846012286841869e-03 7.438659667968750000e-04 1.269633503397926688e-05
2.300000000000000000e+03 5.074856337159872055e-03 3.068704700126545504e-06 1.428880379535257816e-03 5.661106551997363567e-04 1.116115436161635444e-05
2.310000000000000000e+03 4.658989608287811279e-03 2.620094619487645105e-06 1.399790169671177864e-03 6.275476771406829357e-04 1.155741574621060863e-05
2.320000000000000000e+03 3.598370822146534920e-03 2.058418886008439586e-06 9.864594321697950363e-04 5.383600946515798569e-04 1.513236566097475588e-05
2.330000000000000000e+03 3.903113072738051414e-03 2.216845132352318615e-06 1.102928072214126587e-03 5.696780863218009472e-04 1.366191008855821565e-05
2.340000000000000000e+03 4.253074061125516891e-03 2.407696911177481525e-06 1.176342950202524662e-03 6.551410187967121601e-04 1.389287444908404723e-05
2.350000000000000000e+03 4.876138642430305481e-03 2.795726004478638060e-06 1.418410800397396088e-03 6.511314422823488712e-04 1.087041891878470778e-05
2.360000000000000000e+03 4.480487201362848282e-03 2.560575467214221135e-06 1.243834383785724640e-03 6.658467464148998260e-04 1.023077220452250913e-05
2.370000000000000000e+03 4.278207197785377502e-03 2.381484364377683960e-06 1.291052089072763920e-03 5.948786274529993534e-04 1.079235244105802849e-05
2.380000000000000000e+03 5.053190980106592178e-03 2.826132003974635154e-06 1.549440436065196991e-03 6.641724030487239361e-04 1.344624615740031004e-05
2.390000000000000000e+03 4.646551795303821564e-03 2.616859546833438799e-06 1.395477913320064545e-03 6.203502416610717773e-04 1.386397798341931775e-05
2.400000000000000000e+03 4.520692396908998489e-03 2.497924924682592973e-06 1.394720515236258507e-03 6.151968846097588539e-04 1.285002872464247048e-05
2.410000000000000000e+03 3.775883698835968971e-03 2.132669351340155117e-06 1.048243022523820400e-03 5.832056631334125996e-04 1.176583919004769996e-05
2.420000000000000000e+03 3.412242280319333076e-03 1.873195060397847556e-06 9.158556931652128696e-04 6.069996161386370659e-04 1.619166687305551022e-05
2.430000000000000000e+03 3.884283825755119324e-03 2.115252527801203541e-06 1.233428250998258591e-03 5.198701983317732811e-04 1.573289955558720976e-05
2.440000000000000000e+03 3.676813561469316483e-03 2.035356374108232558e-06 1.048798207193613052e-03 5.791798466816544533e-04 1.347897432424360886e-05
2.450000000000000000e+03 3.178213723003864288e-03 1.738597234179906081e-06 9.662664961069822311e-04 4.621402185875922441e-04 1.120973411161685362e-05
2.460000000000000000e+03 3.407468786463141441e-03 1.984956497835810296e-06 9.240666986443102360e-04 4.865842929575592279e-04 1.186130975838750601e-05
2.470000000000000000e+03 3.780820872634649277e-03 2.256263314848183654e-06 9.426975739188492298e-04 5.725172813981771469e-04 9.342900739284232259e-06
2.480000000000000000e+03 3.590817330405116081e-03 2.090885118377627805e-06 9.963471675291657448e-04 4.889279953204095364e-04 1.465686727897264063e-05
2.490000000000000000e+03 4.872824531048536301e-03 2.660462769199511968e-06 1.544010243378579617e-03 6.486268248409032822e-04 1.972501740965526551e-05
2.500000000000000000e+03 4.805787932127714157e-03 2.686354264369583689e-06 1.433223485946655273e-03 6.704753614030778408e-04 1.573484769323840737e-05
2.510000000000000000e+03 3.521114122122526169e-03 2.026222091444651596e-06 9.446003823541104794e-04 5.366320256143808365e-04 1.365957632515346631e-05
2.520000000000000000e+03 3.892065025866031647e-03 2.198636138928122818e-06 1.066491822712123394e-03 6.114267744123935699e-04 1.551025889057200402e-05
2.530000000000000000e+03 3.540563397109508514e-03 2.036872501776088029e-06 9.429440833628177643e-04 5.516617675311863422e-04 9.085163583222310990e-06
2.540000000000000000e+03 4.604142159223556519e-03 2.629664550113375299e-06 1.412698882631957531e-03 5.513480864465236664e-04 1.043063730321591720e-05
2.550000000000000000e+03 4.245288670063018799e-03 2.445998916300595738e-06 1.217067823745310307e-03 5.674777785316109657e-04 1.474402688472764567e-05
2.560000000000000000e+03 3.298963885754346848e-03 1.976556859517586417e-06 8.939614635892212391e-04 4.148668667767196894e-04 1.357877044938504696e-05
2.570000000000000000e+03 4.341847263276576996e-03 2.310896434210008010e-06 1.374792773276567459e-03 6.460897857323288918e-04 1.006787442747736350e-05
2.580000000000000000e+03 4.297689069062471390e-03 2.266426463393145241e-06 1.375164254568517208e-03 6.455158581957221031e-04 1.058199995895847678e-05
2.590000000000000000e+03 4.224670119583606720e-03 2.188797907365369610e-06 1.380156143568456173e-03 6.442519952543079853e-04 1.146403610619017854e-05
2.600000000000000000e+03 4.401857033371925354e-03 2.344457470826455392e-06 1.343998708762228489e-03 7.011159323155879974e-04 1.228491328220115975e-05
2.610000000000000000e+03 3.006239887326955795e-03 1.499493464507395402e-06 1.016063150018453598e-03 4.720343567896634340e-04 1.864883779489900917e-05
2.620000000000000000e+03 4.033671692013740540e-03 2.295841341037885286e-06 1.185494358651340008e-03 5.376353510655462742e-04 1.470071310905041173e-05
2.630000000000000000e+03 3.775397315621376038e-03 2.049196382358786650e-06 1.140859676524996758e-03 5.720409681089222431e-04 1.330051964032463729e-05
2.640000000000000000e+03 3.977158572524785995e-03 2.302409711774089374e-06 1.126391463913023472e-03 5.293560680001974106e-04 1.900153256428893656e-05
2.650000000000000000e+03 3.622149117290973663e-03 2.118244992743711919e-06 9.676406043581664562e-04 5.198162980377674103e-04 1.644704752834513783e-05
2.660000000000000000e+03 4.174991976469755173e-03 2.137255933121195994e-06 1.384656876325607300e-03 6.365886074490845203e-04 1.649052683205809444e-05
2.670000000000000000e+03 4.023917485028505325e-03 2.240327148683718406e-06 1.148641458712518215e-03 6.228417041711509228e-04 1.210701157106086612e-05
2.680000000000000000e+03 3.553317626938223839e-03 1.823987872739962768e-06 1.145459595136344433e-03 5.721902125515043736e-04 1.168000380857847631e-05
2.690000000000000000e+03 2.504860749468207359e-03 1.132286229221790563e-06 8.767098188400268555e-04 4.430219414643943310e-04 5.284279541228897870e-05
2.700000000000000000e+03 3.594592213630676270e-03 1.934926558533334173e-06 1.118957414291799068e-03 5.294529255479574203e-04 1.125533071899553761e-05
2.710000000000000000e+03 4.107547923922538757e-03 2.291089913342148066e-06 1.206512912176549435e-03 5.928435712121427059e-04 1.710120523057412356e-05
2.720000000000000000e+03 4.275402054190635681e-03 2.311966682100319304e-06 1.274442183785140514e-03 6.729770684614777565e-04 1.601650546945165843e-05
2.730000000000000000e+03 3.927075304090976715e-03 2.173640723412972875e-06 1.214901683852076530e-03 5.274832947179675102e-04 1.104966577258892357e-05
2.740000000000000000e+03 3.597950097173452377e-03 1.954281060534412973e-06 1.080982037819921970e-03 5.542623111978173256e-04 8.424847692367620766e-06
2.750000000000000000e+03 4.180178977549076080e-03 2.292349108756752685e-06 1.294073066674172878e-03 5.836454802192747593e-04 1.011121912597445771e-05
2.760000000000000000e+03 3.510368755087256432e-03 1.931881342898122966e-06 1.040975912474095821e-03 5.257942248135805130e-04 1.171743770100874826e-05
2.770000000000000000e+03 4.665268119424581528e-03 2.573037590991589241e-06 1.439899904653429985e-03 6.429129862226545811e-04 9.417693945579230785e-06
2.780000000000000000e+03 3.423729678615927696e-03 1.916434939630562440e-06 9.579526376910507679e-04 5.133171216584742069e-04 3.602487777243368328e-05
2.790000000000000000e+03 4.289428703486919403e-03 2.445983454890665598e-06 1.269740634597837925e-03 5.574095994234085083e-04 1.629476355446968228e-05
2.800000000000000000e+03 3.948293160647153854e-03 2.102747203025501221e-06 1.272638794034719467e-03 5.600462900474667549e-04 1.286122551391599700e-05
2.810000000000000000e+03 3.728536888957023621e-03 2.039241735474206507e-06 1.099413726478815079e-03 5.782173248007893562e-04 1.166383572126505896e-05
2.820000000000000000e+03 4.369705449789762497e-03 2.597484581201570109e-06 1.151881995610892773e-03 6.055264966562390327e-04 1.481271465308964252e-05
2.830000000000000000e+03 3.734110156074166298e-03 2.118143129337113351e-06 1.027633319608867168e-03 5.718586617149412632e-04 1.647544013394508511e-05
2.840000000000000000e+03 3.612157655879855156e-03 2.028744120252667926e-06 1.099698245525360107e-03 4.660315171349793673e-04 1.768366382748354226e-05
2.850000000000000000e+03 3.664275165647268295e-03 1.950902969838352874e-06 1.182284671813249588e-03 5.136255058459937572e-04 1.746208545228000730e-05
2.860000000000000000e+03 3.292890964075922966e-03 1.918502675835043192e-06 9.445690084248781204e-04 4.068710259161889553e-04 2.294829209859017283e-05
2.870000000000000000e+03 3.933160100132226944e-03 2.257288997498108074e-06 1.086549949832260609e-03 5.796177429147064686e-04 9.703650903247762471e-06
2.880000000000000000e+03 3.816941054537892342e-03 2.167246748285833746e-06 1.162458560429513454e-03 4.710477660410106182e-04 1.618789792701136321e-05
2.890000000000000000e+03 4.087154753506183624e-03 2.241333731944905594e-06 1.147782546468079090e-03 6.754057249054312706e-04 2.263259375467896461e-05
2.900000000000000000e+03 3.847347339615225792e-03 2.348332145629683509e-06 9.239436476491391659e-04 5.617875722236931324e-04 1.328382222709478810e-05
2.910000000000000000e+03 3.787887515500187874e-03 2.136252078344114125e-06 1.108649303205311298e-03 5.244534695520997047e-04 1.853266985563095659e-05
2.920000000000000000e+03 4.703429993242025375e-03 2.786153572742477991e-06 1.303482335060834885e-03 6.039109430275857449e-04 9.883187885861843824e-06
2.930000000000000000e+03 3.826263360679149628e-03 2.225838443337124772e-06 1.097518252208828926e-03 4.888015100732445717e-04 1.410536060575395823e-05
2.940000000000000000e+03 2.839097287505865097e-03 1.521378862889832817e-06 8.332747383974492550e-04 4.719582211691886187e-04 1.248562784894602373e-05
2.950000000000000000e+03 2.337369369342923164e-03 1.338630227110115811e-06 6.217181799001991749e-04 3.607673279475420713e-04 1.625360346224624664e-05
2.960000000000000000e+03 3.993150312453508377e-03 2.290735437782132067e-06 1.104568247683346272e-03 5.809330032207071781e-04 1.691376019152812660e-05
2.970000000000000000e+03 3.932044375687837601e-03 2.345783514101640321e-06 1.067677629180252552e-03 4.935425240546464920e-04 2.504101394151803106e-05
2.980000000000000000e+03 3.457081504166126251e-03 1.985358721867669374e-06 1.008638180792331696e-03 4.407580127008259296e-04 2.232668339274823666e-05
2.990000000000000000e+03 3.125851973891258240e-03 1.825883487072132993e-06 8.478589588776230812e-04 4.433384456206113100e-04 8.771158718445803970e-06
3.000000000000000000e+03 3.773674368858337402e-03 2.022338549068081193e-06 1.200139871798455715e-03 5.430037272162735462e-04 8.192108907678630203e-06
3.010000000000000000e+03 3.641120856627821922e-03 1.943672259585582651e-06 1.150065567344427109e-03 5.374363972805440426e-04 9.946426871465519071e-06
3.020000000000000000e+03 3.086327807977795601e-03 1.662753447817522101e-06 9.236775222234427929e-04 4.787949437741190195e-04 2.110195964633021504e-05
3.030000000000000000e+03 2.880440326407551765e-03 1.800243808247614652e-06 6.953964475542306900e-04 3.651069418992847204e-04 1.969298318726941943e-05
3.040000000000000000e+03 3.804619424045085907e-03 2.209434569522272795e-06 1.113629085011780262e-03 4.712662484962493181e-04 1.028959832183318213e-05
3.050000000000000000e+03 3.833723720163106918e-03 2.205077862527105026e-06 1.140816137194633484e-03 4.745783226098865271e-04 1.325165521848248318e-05
3.060000000000000000e+03 5.254665855318307877e-03 3.626019861258100718e-06 1.140816137194633484e-03 4.745783226098865271e-04 1.325165521848248318e-05
3.070000000000000000e+03 4.371498245745897293e-03 2.640408865772769786e-06 1.290361164137721062e-03 4.286715411581099033e-04 1.205685566674219444e-05
3.080000000000000000e+03 4.252769518643617630e-03 2.586569507911917754e-06 1.177114667370915413e-03 4.774360277224332094e-04 1.164927016361616552e-05
3.090000000000000000e+03 4.593452438712120056e-03 2.636102408359874971e-06 1.347034121863543987e-03 5.982845905236899853e-04 1.203135161631507799e-05
3.100000000000000000e+03 4.283105023205280304e-03 2.461955773469526321e-06 1.238083350472152233e-03 5.716228042729198933e-04 1.144262205343693495e-05
3.110000000000000000e+03 4.814468789845705032e-03 2.768841113720554858e-06 1.336030662059783936e-03 6.936610443517565727e-04 1.593607157701626420e-05
3.120000000000000000e+03 4.417647141963243484e-03 2.566070861576008610e-06 1.282888697460293770e-03 5.567727494053542614e-04 1.191492174257291481e-05
3.130000000000000000e+03 3.836952149868011475e-03 2.239340346932294779e-06 1.102791517041623592e-03 4.839475732296705246e-04 1.087249620468355715e-05
3.140000000000000000e+03 4.561600740998983383e-03 2.588648385426495224e-06 1.336392480880022049e-03 6.268031429499387741e-04 9.757059160619974136e-06
3.150000000000000000e+03 3.847519634291529655e-03 2.192019337599049322e-06 1.217276323586702347e-03 4.267786571290344000e-04 1.144538418884621933e-05
3.160000000000000000e+03 3.632956417277455330e-03 2.129478389178984798e-06 1.061842776834964752e-03 4.286015464458614588e-04 1.303369208471849561e-05
3.170000000000000000e+03 5.673655308783054352e-03 3.263398639319348149e-06 1.767368637956678867e-03 6.306499126367270947e-04 1.223853087140014395e-05
3.180000000000000000e+03 4.407961852848529816e-03 1.997997287617181428e-06 1.757893362082540989e-03 6.407635519281029701e-04 1.130743930843891576e-05
3.190000000000000000e+03 3.310142783448100090e-03 1.682614424680650700e-06 1.127069466747343540e-03 4.874450387433171272e-04 1.301415341004030779e-05
3.200000000000000000e+03 4.265996627509593964e-03 2.521502210584003478e-06 1.185673638246953487e-03 5.442798137664794922e-04 1.454086577723501250e-05
3.210000000000000000e+03 3.777294652536511421e-03 2.101010522892465815e-06 1.157191116362810135e-03 5.086514865979552269e-04 1.044178861775435507e-05
3.220000000000000000e+03 3.920942079275846481e-03 2.146780161638162099e-06 1.273908768780529499e-03 4.912735312245786190e-04 8.979556696431245655e-06
3.230000000000000000e+03 4.529883619397878647e-03 2.597596903797239065e-06 1.375065185129642487e-03 5.410501034930348396e-04 1.617138877918478101e-05
3.240000000000000000e+03 4.430872853845357895e-03 2.375800704612629488e-06 1.459635328501462936e-03 5.863216356374323368e-04 9.115385182667523623e-06
3.250000000000000000e+03 3.664148040115833282e-03 1.814336656025261618e-06 1.293742912821471691e-03 5.456216749735176563e-04 1.044684267981210724e-05
3.260000000000000000e+03 4.973398055881261826e-03 2.753308990577352233e-06 1.637491281144320965e-03 5.728719988837838173e-04 9.725617019284982234e-06
3.270000000000000000e+03 3.478502389043569565e-03 1.366384594803093933e-06 1.506067928858101368e-03 5.902939010411500931e-04 1.575586429680697620e-05
3.280000000000000000e+03 4.305332433432340622e-03 2.378000999669893645e-06 1.417874242179095745e-03 4.983160761184990406e-04 1.114102178689790890e-05
3.290000000000000000e+03 2.618352882564067841e-03 1.251947992386703845e-06 8.954164222814142704e-04 4.373112751636654139e-04 3.367705721757374704e-05
3.300000000000000000e+03 3.496289951726794243e-03 1.937478828040184453e-06 1.028765109367668629e-03 5.188350914977490902e-04 1.121096738643245772e-05
3.310000000000000000e+03 4.983162041753530502e-03 2.631767529237549752e-06 1.724807778373360634e-03 6.166785606183111668e-04 9.908521860779728740e-06
3.320000000000000000e+03 4.758771974593400955e-03 2.655276830410002731e-06 1.496827579103410244e-03 5.970233469270169735e-04 9.644320925872307271e-06
3.330000000000000000e+03 4.142761230468750000e-03 2.054189508271520026e-06 1.484703272581100464e-03 5.935871158726513386e-04 1.028112728818086907e-05
3.340000000000000000e+03 3.605717560276389122e-03 1.861372766143176705e-06 1.166483038105070591e-03 5.695192958228290081e-04 8.342278306372463703e-06
3.350000000000000000e+03 2.776274224743247032e-03 1.495087758485169616e-06 7.070255815051496029e-04 5.562200676649808884e-04 1.794076524674892426e-05
3.360000000000000000e+03 2.892381511628627777e-03 1.496602294537296984e-06 8.511564228683710098e-04 5.278236931189894676e-04 1.679920933383982629e-05
3.370000000000000000e+03 2.874872647225856781e-03 1.477275532124622259e-06 8.710197871550917625e-04 5.091044586151838303e-04 1.747286660247482359e-05
3.380000000000000000e+03 5.391434766352176666e-03 3.019775704160565510e-06 1.780261751264333725e-03 5.636244895868003368e-04 2.777288318611681461e-05
3.390000000000000000e+03 3.065110184252262115e-03 1.631544023439346347e-06 8.823625976219773293e-04 5.396810011006891727e-04 1.152284949057502672e-05
3.400000000000000000e+03 3.834365867078304291e-03 2.094944647978991270e-06 1.249575405381619930e-03 4.668549518100917339e-04 2.299093284818809479e-05
3.410000000000000000e+03 3.999437671154737473e-03 2.252884996778448112e-06 1.202929881401360035e-03 5.280323093757033348e-04 1.559043448651209474e-05
3.420000000000000000e+03 2.637437311932444572e-03 1.027502435135829728e-06 1.080785878002643585e-03 5.186391063034534454e-04 1.050975424732314423e-05
3.430000000000000000e+03 3.170525189489126205e-03 1.710797505438677035e-06 9.790833573788404465e-04 4.688847693614661694e-04 1.175956640508957207e-05
3.440000000000000000e+03 4.055261146277189255e-03 2.265831199110834859e-06 1.256946125067770481e-03 5.166393239051103592e-04 1.584413439559284598e-05
3.450000000000000000e+03 4.365703556686639786e-03 2.492579596946598031e-06 1.330314669758081436e-03 5.279880133457481861e-04 1.482102743466384709e-05
3.460000000000000000e+03 4.023317247629165649e-03 2.152428578483522870e-06 1.324866898357868195e-03 5.318897892720997334e-04 1.413184872944839299e-05
3.470000000000000000e+03 4.157134331762790680e-03 2.402621021246886812e-06 1.239642268046736717e-03 5.049002356827259064e-04 9.970753126253839582e-06
3.480000000000000000e+03 4.417064599692821503e-03 2.538332182666636072e-06 1.278039650060236454e-03 5.860261735506355762e-04 1.466662524762796238e-05
3.490000000000000000e+03 4.158629570156335831e-03 2.340643050047219731e-06 1.273225527256727219e-03 5.322939832694828510e-04 1.246734154847217724e-05
3.500000000000000000e+03 4.004214890301227570e-03 2.129808308382052928e-06 1.362009323202073574e-03 5.033209454268217087e-04 9.076794412976596504e-06
3.510000000000000000e+03 3.968242555856704712e-03 2.180241608584765345e-06 1.236050389707088470e-03 5.388256395235657692e-04 1.312510812567779794e-05
3.520000000000000000e+03 2.981392201036214828e-03 1.474947339374921285e-06 9.035837138071656227e-04 5.922048003412783146e-04 1.065636479324894026e-05
3.530000000000000000e+03 4.216644447296857834e-03 2.598997753011644818e-06 1.056407345458865166e-03 5.518975085578858852e-04 9.342194061900954694e-06
3.540000000000000000e+03 4.752196837216615677e-03 2.579208967290469445e-06 1.491238130256533623e-03 6.718377117067575455e-04 9.912503628584090620e-06
3.550000000000000000e+03 4.326457157731056213e-03 2.291188820890965872e-06 1.421592431142926216e-03 6.047915667295455933e-04 8.884411727194674313e-06
3.560000000000000000e+03 3.586596809327602386e-03 2.020851297857007012e-06 1.010366482660174370e-03 5.409687873907387257e-04 1.441042240912793204e-05
3.570000000000000000e+03 3.304606070742011070e-03 1.832840553106507286e-06 9.824717417359352112e-04 4.785595228895545006e-04 1.073426756192930043e-05
3.580000000000000000e+03 3.254404757171869278e-03 1.871016138466075063e-06 8.902642875909805298e-04 4.840779292862862349e-04 9.046511877386365086e-06
3.590000000000000000e+03 2.467200392857193947e-03 1.365039679512847215e-06 6.869013886898756027e-04 3.934724663849920034e-04 2.178682916564866900e-05
3.600000000000000000e+03 4.488290753215551376e-03 2.649761881912127137e-06 1.270136097446084023e-03 5.576321273110806942e-04 1.076033368008211255e-05
3.610000000000000000e+03 3.896063892170786858e-03 2.276989107485860586e-06 1.033863984048366547e-03 5.767061957158148289e-04 8.504582183377351612e-06
3.620000000000000000e+03 3.618428949266672134e-03 2.087369921355275437e-06 1.010050531476736069e-03 5.109598278068006039e-04 1.004847490548854694e-05
3.630000000000000000e+03 4.563357215374708176e-03 2.398028073002933525e-06 1.485006185248494148e-03 6.698061479255557060e-04 1.051712843036511913e-05
3.640000000000000000e+03 4.007133655250072479e-03 2.245704081360599957e-06 1.169277820736169815e-03 5.779392085969448090e-04 1.421244542143540457e-05
3.650000000000000000e+03 3.232572227716445923e-03 1.843456061578763183e-06 9.749563760124146938e-04 4.057002079207450151e-04 8.459667697024997324e-06
3.660000000000000000e+03 3.582275006920099258e-03 2.104507984768133610e-06 9.775354992598295212e-04 4.906606045551598072e-04 9.570959264237899333e-06
3.670000000000000000e+03 3.759849816560745239e-03 2.069245738312019967e-06 1.148569514043629169e-03 5.312066641636192799e-04 1.082787639461457729e-05
3.680000000000000000e+03 3.411997342482209206e-03 1.839610831666504964e-06 9.987378725782036781e-04 5.617066635750234127e-04 1.194191372633213177e-05
3.690000000000000000e+03 4.099534358829259872e-03 2.338011654501315206e-06 1.191199757158756256e-03 5.589466309174895287e-04 1.137620984081877396e-05
3.700000000000000000e+03 4.593563266098499298e-03 2.620883833515108563e-06 1.342481467872858047e-03 6.163466023281216621e-04 1.385150699206860736e-05
3.710000000000000000e+03 3.782789455726742744e-03 2.058300424323533662e-06 1.117683132179081440e-03 5.943109281361103058e-04 1.249476463272003457e-05
3.720000000000000000e+03 3.554933005943894386e-03 1.854444690252421424e-06 1.133851008489727974e-03 5.556978867389261723e-04 1.093963146558962762e-05
3.730000000000000000e+03 3.768571652472019196e-03 2.160925305361161008e-06 1.167595037259161472e-03 4.292508529033511877e-04 1.080043421097798273e-05
3.740000000000000000e+03 3.908992744982242584e-03 2.255161234643310308e-06 1.053629675880074501e-03 5.868374719284474850e-04 1.336440163868246600e-05
3.750000000000000000e+03 3.676919732242822647e-03 1.989484189834911376e-06 1.197062782011926174e-03 4.799734742846339941e-04 1.039913331624120474e-05
3.760000000000000000e+03 3.261005040258169174e-03 1.900269239740737248e-06 8.132132934406399727e-04 5.316798924468457699e-04 1.584282654221169651e-05
3.770000000000000000e+03 3.435088088735938072e-03 1.875811335594335105e-06 1.024661702103912830e-03 5.233279080130159855e-04 1.128713392972713336e-05
3.780000000000000000e+03 4.269645083695650101e-03 2.372242079218267463e-06 1.343483920209109783e-03 5.404940457083284855e-04 1.342488121736096218e-05
3.790000000000000000e+03 4.713392816483974457e-03 2.616681513245566748e-06 1.580577343702316284e-03 5.042417906224727631e-04 1.189201429951936007e-05
3.800000000000000000e+03 3.568792017176747322e-03 1.970265884665423073e-06 1.043959637172520161e-03 5.453192279674112797e-04 9.247440175386145711e-06
3.810000000000000000e+03 3.805079497396945953e-03 2.146585757145658135e-06 1.131638418883085251e-03 5.038064555265009403e-04 2.304873305547516793e-05
3.820000000000000000e+03 4.211395047605037689e-03 2.445483005431015044e-06 1.203373773023486137e-03 5.531401257030665874e-04 9.397798748977947980e-06
3.830000000000000000e+03 3.850086824968457222e-03 2.290508518854039721e-06 9.829462505877017975e-04 5.644231569021940231e-04 1.220882495545083657e-05
3.840000000000000000e+03 3.846208564937114716e-03 2.077770886899088509e-06 1.246794359758496284e-03 5.126132746227085590e-04 9.030050023284275085e-06
3.850000000000000000e+03 4.220945294946432114e-03 2.420898454147391021e-06 1.263705664314329624e-03 5.269070388749241829e-04 9.434253115614410490e-06
3.860000000000000000e+03 3.622938180342316628e-03 1.856483436313283164e-06 1.271133543923497200e-03 4.858542233705520630e-04 9.467064046475570649e-06
3.870000000000000000e+03 3.915457054972648621e-03 1.923873696796363220e-06 1.264938735403120518e-03 7.177577936090528965e-04 8.886701834853738546e-06
3.880000000000000000e+03 3.463954897597432137e-03 1.838000230236502830e-06 1.180569059215486050e-03 4.344586341176182032e-04 1.092707771022105590e-05
3.890000000000000000e+03 4.800493363291025162e-03 2.608965587569400668e-06 1.517668017186224461e-03 6.637827027589082718e-04 1.007755054160952568e-05
3.900000000000000000e+03 4.636192228645086288e-03 2.679545104911085218e-06 1.242747879587113857e-03 7.008020766079425812e-04 1.309734125243267044e-05
3.910000000000000000e+03 3.981755580753087997e-03 2.106754891428863630e-06 1.353019033558666706e-03 5.103089497424662113e-04 1.167281152447685599e-05
3.920000000000000000e+03 3.688004566356539726e-03 2.055260438282857649e-06 1.010105945169925690e-03 6.130340043455362320e-04 9.604224032955244184e-06
3.930000000000000000e+03 3.619581926614046097e-03 2.075414158753119409e-06 1.017746981233358383e-03 5.120790447108447552e-04 1.434157093171961606e-05
3.940000000000000000e+03 4.413921851664781570e-03 2.417017640254925936e-06 1.354292151518166065e-03 6.289593875408172607e-04 1.365282059850869700e-05
3.950000000000000000e+03 3.097814740613102913e-03 1.796798756004136521e-06 7.969228900037705898e-04 4.873545549344271421e-04 1.673836413829121739e-05
3.960000000000000000e+03 3.371499013155698776e-03 1.910675564431585371e-06 9.306768188253045082e-04 5.156745319254696369e-04 1.447198246751213446e-05
3.970000000000000000e+03 2.944799605756998062e-03 1.578637238708324730e-06 9.390005725435912609e-04 4.122299433220177889e-04 1.493200124969007447e-05
3.980000000000000000e+03 3.771137213334441185e-03 2.064175077975960448e-06 1.089497585780918598e-03 6.086917710490524769e-04 8.773067747824825346e-06
3.990000000000000000e+03 2.999234478920698166e-03 1.696155095487483777e-06 8.632364333607256413e-04 4.180575779173523188e-04 2.178530849050730467e-05
4.000000000000000000e+03 4.384108819067478180e-03 2.352602223254507408e-06 1.344162854366004467e-03 6.686273263767361641e-04 1.871650420071091503e-05
4.010000000000000000e+03 4.369459580630064011e-03 2.381222657277248800e-06 1.383415772579610348e-03 5.961361457593739033e-04 8.684823114890605211e-06
4.020000000000000000e+03 4.050268791615962982e-03 2.025076810241444036e-06 1.368192490190267563e-03 6.431590882129967213e-04 1.384056304232217371e-05
4.030000000000000000e+03 4.046841524541378021e-03 2.290128350068698637e-06 1.139617757871747017e-03 5.930651095695793629e-04 2.403055259492248297e-05
4.040000000000000000e+03 3.860550001263618469e-03 2.172276481360313483e-06 1.159914536401629448e-03 5.159209831617772579e-04 1.243799943040357903e-05
4.050000000000000000e+03 4.157260060310363770e-03 2.303455175933777355e-06 1.315039116889238358e-03 5.289059481583535671e-04 9.859908459475263953e-06
4.060000000000000000e+03 4.587659146636724472e-03 2.723451416386524215e-06 1.271951012313365936e-03 5.819442449137568474e-04 1.031212377711199224e-05
4.070000000000000000e+03 4.081225022673606873e-03 2.373044253545231186e-06 1.188734080642461777e-03 5.088472971692681313e-04 1.059930127667030320e-05
4.080000000000000000e+03 3.263518214225769043e-03 1.843740278673067223e-06 9.097009897232055664e-04 4.949992871843278408e-04 1.507753040641546249e-05
4.090000000000000000e+03 4.185214638710021973e-03 2.424349077045917511e-06 1.179117592982947826e-03 5.728321848437190056e-04 8.915615580917801708e-06
4.100000000000000000e+03 4.071997944265604019e-03 2.373151801293715835e-06 1.176684629172086716e-03 5.119300330989062786e-04 1.023171716951765120e-05
4.110000000000000000e+03 4.891866352409124374e-03 2.915374125223024748e-06 1.437572995200753212e-03 5.280574550852179527e-04 1.086138854589080438e-05
4.120000000000000000e+03 4.076631274074316025e-03 2.263330998175661080e-06 1.254508388228714466e-03 5.442250985652208328e-04 1.456650079489918426e-05
4.130000000000000000e+03 4.034302197396755219e-03 2.337368641747161746e-06 1.137897721491754055e-03 5.461400141939520836e-04 1.289576084673171863e-05
4.140000000000000000e+03 3.602802753448486328e-03 1.993199703065329231e-06 1.051117433235049248e-03 5.473181372508406639e-04 1.116742623707978055e-05
4.150000000000000000e+03 3.533168463036417961e-03 1.933869953063549474e-06 1.053600804880261421e-03 5.372840678319334984e-04 8.413800060225185007e-06
4.160000000000000000e+03 4.197222646325826645e-03 2.328631808268255554e-06 1.314269611611962318e-03 5.445206188596785069e-04 9.800850421015638858e-06
4.170000000000000000e+03 2.912754891440272331e-03 1.645140173422987573e-06 7.772372919134795666e-04 4.790040838997811079e-04 1.137329218181548640e-05
4.180000000000000000e+03 2.869691699743270874e-03 1.588135773999965750e-06 8.383470121771097183e-04 4.351109382696449757e-04 8.098183570837136358e-06
4.190000000000000000e+03 3.798739286139607430e-03 2.160684971386217512e-06 1.156034297309815884e-03 4.715004470199346542e-04 1.051973595167510211e-05
4.200000000000000000e+03 3.813417395576834679e-03 2.228452103736344725e-06 1.064834301359951496e-03 5.104608717374503613e-04 9.669869541539810598e-06
4.210000000000000000e+03 4.340066574513912201e-03 2.597599632281344384e-06 1.241939840838313103e-03 4.892958677373826504e-04 1.123121546697802842e-05
4.220000000000000000e+03 3.655016422271728516e-03 2.171839696529787034e-06 9.098006994463503361e-04 5.650127422995865345e-04 8.363406777789350599e-06
4.230000000000000000e+03 2.698188880458474159e-03 1.553702190904004965e-06 6.681305239908397198e-04 4.669251793529838324e-04 9.430951649846974760e-06
4.240000000000000000e+03 3.915533423423767090e-03 2.240477670056861825e-06 1.144000212661921978e-03 5.206934292800724506e-04 1.036232060869224370e-05
4.250000000000000000e+03 4.676160868257284164e-03 2.567898491179221310e-06 1.517208642326295376e-03 5.787510890513658524e-04 1.230221459991298616e-05
4.260000000000000000e+03 4.277125466614961624e-03 2.350292106712004170e-06 1.326261786743998528e-03 5.888942978344857693e-04 1.167737082141684368e-05
4.270000000000000000e+03 3.924641292542219162e-03 2.264617478431318887e-06 1.154799712821841240e-03 4.969338187947869301e-04 8.290269761346280575e-06
4.280000000000000000e+03 4.248591605573892593e-03 2.519771896913880482e-06 1.225499552674591541e-03 4.945378168486058712e-04 8.782332770351786166e-06
4.290000000000000000e+03 4.050110001116991043e-03 2.182990328947198577e-06 1.344456104561686516e-03 5.125742754898965359e-04 1.008958679449278861e-05
4.300000000000000000e+03 4.882499575614929199e-03 2.782329829642549157e-06 1.519728917628526688e-03 5.709162796847522259e-04 9.524665983917657286e-06
4.310000000000000000e+03 3.470998257398605347e-03 1.645164275032584555e-06 1.262182253412902355e-03 5.542959552258253098e-04 9.355837391922250390e-06
4.320000000000000000e+03 3.111293306574225426e-03 1.694092816251213662e-06 8.773499866947531700e-04 5.288877291604876518e-04 1.096290816349210218e-05
4.330000000000000000e+03 3.682204987853765488e-03 2.107534783135633916e-06 1.033407053910195827e-03 5.299841868691146374e-04 1.127902214648202062e-05
4.340000000000000000e+03 3.222521394491195679e-03 1.830213363973598462e-06 9.720110683701932430e-04 4.105847619939595461e-04 9.712323844723869115e-06
4.350000000000000000e+03 4.577094689011573792e-03 2.491501845724997111e-06 1.479569938965141773e-03 5.922252312302589417e-04 1.379775130772031844e-05
4.360000000000000000e+03 3.557719755917787552e-03 1.496472123108105734e-06 1.460998668335378170e-03 5.871215253137052059e-04 1.312747190240770578e-05
4.370000000000000000e+03 4.208244848996400833e-03 2.198936272179707885e-06 1.297247596085071564e-03 6.989682442508637905e-04 1.309289928030921146e-05
4.380000000000000000e+03 3.383852541446685791e-03 1.748586100802640431e-06 1.029196428135037422e-03 5.805849796161055565e-04 2.548529118939768523e-05
4.390000000000000000e+03 3.233475843444466591e-03 1.662297336224582978e-06 1.017946633510291576e-03 5.401415983214974403e-04 1.309032813878729939e-05
4.400000000000000000e+03 3.957725130021572113e-03 2.310257514182012528e-06 1.173410681076347828e-03 4.657202516682446003e-04 8.336915925610810518e-06
4.410000000000000000e+03 3.625120967626571655e-03 2.111595676979050040e-06 1.050362014211714268e-03 4.513618769124150276e-04 1.180165691039292142e-05
4.420000000000000000e+03 3.887748578563332558e-03 2.127181005562306382e-06 1.143967150710523129e-03 5.985308671370148659e-04 1.806976797524839640e-05
4.430000000000000000e+03 4.688677843660116196e-03 2.620815394038800150e-06 1.488249399699270725e-03 5.646470817737281322e-04 1.496642926213098690e-05
4.440000000000000000e+03 3.872314002364873886e-03 1.999115511353011243e-06 1.207688008435070515e-03 6.565107614733278751e-04 8.999831152323167771e-06
4.450000000000000000e+03 3.802691819146275520e-03 2.078007355521549471e-06 1.134414691478013992e-03 5.819785874336957932e-04 8.290994628623593599e-06
4.460000000000000000e+03 3.719500731676816940e-03 2.038591219388763420e-06 1.121727866120636463e-03 5.413237377069890499e-04 1.785760832717642188e-05
4.470000000000000000e+03 5.156180821359157562e-03 2.801880782499210909e-06 1.712961937300860882e-03 6.323839770630002022e-04 8.954196346167009324e-06
4.480000000000000000e+03 3.878889139741659164e-03 1.781684886736911722e-06 1.501904684118926525e-03 5.830616573803126812e-04 1.223783783643739298e-05
4.490000000000000000e+03 3.903198055922985077e-03 2.059465032289153896e-06 1.315034925937652588e-03 5.154404207132756710e-04 1.325754692516056821e-05
4.500000000000000000e+03 3.399325767531991005e-03 1.847613020800054073e-06 1.073059043847024441e-03 4.587303556036204100e-04 1.992328725464176387e-05
4.510000000000000000e+03 3.958959132432937622e-03 2.302404936926905066e-06 1.115895109251141548e-03 5.035583162680268288e-04 3.710063538164831698e-05
4.520000000000000000e+03 3.525570267811417580e-03 1.982132744160480797e-06 1.062845811247825623e-03 4.705306782852858305e-04 1.006098045763792470e-05
4.530000000000000000e+03 3.126332303509116173e-03 1.704638179944595322e-06 1.007580081932246685e-03 3.980518085882067680e-04 1.606233854545280337e-05
4.540000000000000000e+03 3.167593153193593025e-03 1.832239945542823989e-06 8.567219483666121960e-04 4.649895417969673872e-04 1.364168838335899636e-05
4.550000000000000000e+03 4.369408357888460159e-03 2.657730874489061534e-06 1.155004836618900299e-03 5.439654923975467682e-04 1.270751545234816149e-05
4.560000000000000000e+03 3.326948964968323708e-03 1.854406605161784682e-06 9.953365661203861237e-04 4.631799529306590557e-04 1.402579800924286246e-05
4.570000000000000000e+03 3.170108888298273087e-03 1.815836299101647455e-06 8.521186537109315395e-04 4.902287037111818790e-04 1.192537183669628575e-05
4.580000000000000000e+03 3.385239280760288239e-03 1.841874336605542339e-06 1.053704414516687393e-03 4.786892677657306194e-04 1.097127824323251843e-05
4.590000000000000000e+03 3.183611901476979256e-03 1.830714950301626232e-06 8.900964166969060898e-04 4.533487663138657808e-04 9.451869118493050337e-06
4.600000000000000000e+03 3.884836798533797264e-03 2.130732127625378780e-06 1.209517475217580795e-03 5.323578370735049248e-04 1.222951323143206537e-05
4.610000000000000000e+03 3.505778033286333084e-03 2.005806209126603790e-06 9.974648710340261459e-04 4.933334421366453171e-04 9.173475518764462322e-06
4.620000000000000000e+03 3.445028094574809074e-03 2.023298065978451632e-06 9.281818056479096413e-04 4.841404443141072989e-04 9.407702236785553396e-06
4.630000000000000000e+03 3.958756569772958755e-03 2.380677642577211373e-06 1.073438324965536594e-03 4.958548233844339848e-04 8.785590580373536795e-06
4.640000000000000000e+03 3.327004145830869675e-03 1.798370703909313306e-06 9.966354118660092354e-04 5.208005895838141441e-04 1.119718945119529963e-05
4.650000000000000000e+03 3.159782383590936661e-03 1.875011548690963537e-06 7.892327848821878433e-04 4.788877849932760000e-04 1.665034324105363339e-05
4.660000000000000000e+03 4.663029685616493225e-03 2.532418420742033049e-06 1.541708828881382942e-03 5.782456137239933014e-04 1.065649394149659202e-05
4.670000000000000000e+03 3.651149803772568703e-03 1.923585614349576645e-06 1.113316509872674942e-03 6.030005752108991146e-04 1.124683330999687314e-05
4.680000000000000000e+03 4.652895964682102203e-03 2.599101890154997818e-06 1.367701683193445206e-03 6.727142608724534512e-04 1.337783305643824860e-05
4.690000000000000000e+03 3.972155041992664337e-03 1.957774429683922790e-06 1.307694474235177040e-03 6.936973077245056629e-04 1.298868392041185871e-05
4.700000000000000000e+03 2.964545972645282745e-03 1.639124093344435096e-06 9.037421550601720810e-04 4.079657373949885368e-04 1.371366306557320058e-05
4.710000000000000000e+03 3.655889770016074181e-03 2.175446979890693910e-06 9.568795794621109962e-04 5.117997643537819386e-04 1.176362638943828642e-05
4.720000000000000000e+03 4.134067334234714508e-03 2.417420091660460457e-06 1.168531249277293682e-03 5.349920829758048058e-04 1.312384119955822825e-05
4.730000000000000000e+03 3.286186372861266136e-03 1.818018517951713875e-06 9.845796739682555199e-04 4.631541378330439329e-04 2.043381209659855813e-05
4.740000000000000000e+03 2.671561203896999359e-03 1.472391886636614799e-06 8.299198816530406475e-04 3.571721026673913002e-04 1.207744662679033354e-05
4.750000000000000000e+03 4.027587827295064926e-03 2.321037527508451603e-06 1.238610595464706421e-03 4.560188681352883577e-04 1.192076251754770055e-05
4.760000000000000000e+03 3.978103864938020706e-03 2.314154926352784969e-06 1.212604460306465626e-03 4.405517247505486012e-04 1.079248522728448734e-05
4.770000000000000000e+03 3.683683229610323906e-03 2.205369582952698693e-06 9.960815077647566795e-04 4.691066860686987638e-04 1.312547738052671775e-05
4.780000000000000000e+03 3.490437986329197884e-03 2.159003088308963925e-06 8.928479510359466076e-04 4.181732365395873785e-04 2.041368861682713032e-05
4.790000000000000000e+03 3.982324153184890747e-03 2.198109768869471736e-06 1.224489649757742882e-03 5.492368945851922035e-04 1.048776266543427482e-05
4.800000000000000000e+03 3.786866553127765656e-03 2.110705736413365230e-06 1.097995089367032051e-03 5.671082180924713612e-04 1.105753835872747004e-05
4.810000000000000000e+03 4.678853321820497513e-03 2.684136916286661290e-06 1.459196326322853565e-03 5.273967399261891842e-04 8.123582119878847152e-06
4.820000000000000000e+03 4.183723591268062592e-03 2.349431952097802423e-06 1.240607700310647488e-03 5.808214191347360611e-04 1.286259430344216526e-05
4.830000000000000000e+03 3.970195073634386063e-03 2.353630179641186260e-06 1.128167728893458843e-03 4.677732940763235092e-04 2.062372186628635973e-05
4.840000000000000000e+03 3.439593361690640450e-03 1.954618710442446172e-06 1.031711813993752003e-03 4.312260425649583340e-04 2.203676012868527323e-05
4.850000000000000000e+03 3.749370109289884567e-03 2.155428546757320873e-06 1.129976706579327583e-03 4.491474246606230736e-04 1.481744038756005466e-05
4.860000000000000000e+03 4.251295235008001328e-03 2.411298055449151434e-06 1.390134799294173717e-03 4.370160750113427639e-04 1.284634618059499189e-05
4.870000000000000000e+03 4.458608105778694153e-03 2.535649173296405934e-06 1.278577721677720547e-03 6.355855148285627365e-04 8.795402209216263145e-06
4.880000000000000000e+03 4.164533223956823349e-03 2.488690370228141546e-06 1.155365025624632835e-03 5.072068306617438793e-04 1.327076370216673240e-05
4.890000000000000000e+03 4.261890426278114319e-03 2.466793148414581083e-06 1.177717116661369801e-03 6.043859757483005524e-04 1.299450832448201254e-05
4.900000000000000000e+03 2.799385925754904747e-03 1.664068690843123477e-06 7.096373010426759720e-04 4.126284620724618435e-04 1.305136538576334715e-05
4.910000000000000000e+03 2.851834986358880997e-03 1.608718548595788889e-06 8.385255350731313229e-04 3.932507243007421494e-04 1.134035483119077981e-05
4.920000000000000000e+03 4.097194876521825790e-03 2.376066959186573513e-06 1.249691122211515903e-03 4.564173577819019556e-04 1.501950919191585854e-05
4.930000000000000000e+03 3.484301269054412842e-03 1.791940462680940982e-06 1.244542305357754230e-03 4.392433911561965942e-04 8.575119863962754607e-06
4.940000000000000000e+03 3.648830577731132507e-03 2.022281250901869498e-06 1.167312730103731155e-03 4.495584289543330669e-04 9.678054993855766952e-06
4.950000000000000000e+03 5.067742895334959030e-03 2.921495934060658328e-06 1.502561150118708611e-03 6.186683312989771366e-04 2.501760718587320298e-05
4.960000000000000000e+03 4.042117390781641006e-03 2.186728579545160756e-06 1.334915286861360073e-03 5.106010939925909042e-04 9.872460395854432136e-06
4.970000000000000000e+03 3.146134782582521439e-03 1.541942424410081003e-06 1.093915081582963467e-03 4.921971121802926064e-04 1.808017623261548579e-05
4.980000000000000000e+03 2.759647788479924202e-03 1.456965605939330999e-06 9.004889288917183876e-04 3.937297442462295294e-04 8.463662197755184025e-06
4.990000000000000000e+03 3.714809659868478775e-03 2.111486310241161846e-06 1.131040044128894806e-03 4.626250301953405142e-04 9.658222552388906479e-06
5.000000000000000000e+03 2.684981795027852058e-03 1.594262243997945916e-06 7.578613585792481899e-04 3.235365438740700483e-04 9.321696779807098210e-06
5.010000000000000000e+03 3.646330209448933601e-03 2.136471266567241400e-06 9.667531121522188187e-04 5.355680477805435658e-04 7.537862984463572502e-06
5.020000000000000000e+03 3.654097439721226692e-03 2.092089744110126048e-06 1.113140489906072617e-03 4.345863417256623507e-04 1.428095492883585393e-05
5.030000000000000000e+03 3.612605156376957893e-03 1.918843963721883483e-06 1.196531811729073524e-03 4.780921735800802708e-04 1.913730193336959928e-05
5.040000000000000000e+03 3.697797423228621483e-03 2.117974190696259029e-06 1.123635680414736271e-03 4.418703028932213783e-04 1.431739656254649162e-05
